0   -803.64365  -3696.53838   6093.34363  -1.0941946   6.4418024   3.7608919 2026 01 13 03 27 47.97
0   -814.49531  -3631.91551   6130.62297  -1.0761006   6.4826467   3.6949084 2026 01 13 03 27 57.97
0   -825.16515  -3566.88781   6167.24050  -1.0578327   6.5227680   3.6285292 2026 01 13 03 28 07.97
0   -835.65145  -3501.46253   6203.19228  -1.0393939   6.5621619   3.5617614 2026 01 13 03 28 17.97
0   -845.95253  -3435.64696   6238.47448  -1.0207873   6.6008240   3.4946123 2026 01 13 03 28 27.97
0   -856.06671  -3369.44845   6273.08330  -1.0020159   6.6387500   3.4270892 2026 01 13 03 28 37.97
0   -865.99237  -3302.87438   6307.01506  -0.9830828   6.6759356   3.3591992 2026 01 13 03 28 47.97
0   -875.72790  -3235.93217   6340.26611  -0.9639911   6.7123768   3.2909499 2026 01 13 03 28 57.97
0   -885.27173  -3168.62929   6372.83290  -0.9447440   6.7480694   3.2223485 2026 01 13 03 29 07.97
0   -894.62232  -3100.97325   6404.71195  -0.9253447   6.7830095   3.1534025 2026 01 13 03 29 17.97
0   -903.77818  -3032.97158   6435.89984  -0.9057962   6.8171932   3.0841193 2026 01 13 03 29 27.97
0   -912.73781  -2964.63187   6466.39325  -0.8861019   6.8506167   3.0145063 2026 01 13 03 29 37.97
0   -921.49979  -2895.96175   6496.18891  -0.8662649   6.8832763   2.9445712 2026 01 13 03 29 47.97
0   -930.06270  -2826.96886   6525.28363  -0.8462886   6.9151683   2.8743215 2026 01 13 03 29 57.97
0   -938.42516  -2757.66091   6553.67432  -0.8261761   6.9462893   2.8037646 2026 01 13 03 30 07.97
0   -946.58582  -2688.04562   6581.35794  -0.8059307   6.9766358   2.7329083 2026 01 13 03 30 17.97
0   -954.54338  -2618.13075   6608.33153  -0.7855558   7.0062044   2.6617602 2026 01 13 03 30 27.97
0   -962.29656  -2547.92410   6634.59221  -0.7650546   7.0349919   2.5903279 2026 01 13 03 30 37.97
0   -969.84411  -2477.43349   6660.13717  -0.7444305   7.0629950   2.5186191 2026 01 13 03 30 47.97
0   -977.18482  -2406.66678   6684.96370  -0.7236870   7.0902107   2.4466416 2026 01 13 03 30 57.97
0   -984.31750  -2335.63187   6709.06914  -0.7028272   7.1166359   2.3744030 2026 01 13 03 31 07.97
0   -991.24102  -2264.33668   6732.45092  -0.6818547   7.1422677   2.3019113 2026 01 13 03 31 17.97
0   -997.95427  -2192.78914   6755.10656  -0.6607727   7.1671034   2.2291741 2026 01 13 03 31 27.97
0  -1004.45616  -2120.99724   6777.03362  -0.6395849   7.1911401   2.1561993 2026 01 13 03 31 37.97
0  -1010.74566  -2048.96897   6798.22978  -0.6182945   7.2143752   2.0829948 2026 01 13 03 31 47.97
0  -1016.82176  -1976.71238   6818.69278  -0.5969050   7.2368062   2.0095683 2026 01 13 03 31 57.97
0  -1022.68347  -1904.23551   6838.42044  -0.5754199   7.2584305   1.9359279 2026 01 13 03 32 07.97
0  -1028.32988  -1831.54644   6857.41066  -0.5538427   7.2792458   1.8620813 2026 01 13 03 32 17.97
0  -1033.76006  -1758.65327   6875.66141  -0.5321769   7.2992498   1.7880366 2026 01 13 03 32 27.97
0  -1038.97316  -1685.56412   6893.17076  -0.5104259   7.3184404   1.7138016 2026 01 13 03 32 37.97
0  -1043.96834  -1612.28715   6909.93684  -0.4885932   7.3368153   1.6393845 2026 01 13 03 32 47.97
0  -1048.74479  -1538.83051   6925.95787  -0.4666825   7.3543726   1.5647930 2026 01 13 03 32 57.97
0  -1053.30176  -1465.20240   6941.23215  -0.4446971   7.3711103   1.4900353 2026 01 13 03 33 07.97
0  -1057.63852  -1391.41102   6955.75806  -0.4226408   7.3870267   1.4151194 2026 01 13 03 33 17.97
0  -1061.75438  -1317.46458   6969.53404  -0.4005169   7.4021199   1.3400532 2026 01 13 03 33 27.97
0  -1065.64867  -1243.37134   6982.55865  -0.3783292   7.4163884   1.2648449 2026 01 13 03 33 37.97
0  -1069.32078  -1169.13954   6994.83050  -0.3560811   7.4298305   1.1895025 2026 01 13 03 33 47.97
0  -1072.77012  -1094.77746   7006.34828  -0.3337762   7.4424448   1.1140341 2026 01 13 03 33 57.97
0  -1075.99614  -1020.29339   7017.11079  -0.3114182   7.4542299   1.0384477 2026 01 13 03 34 07.97
0  -1078.99834   -945.69561   7027.11688  -0.2890106   7.4651846   0.9627515 2026 01 13 03 34 17.97
0  -1081.77622   -870.99244   7036.36549  -0.2665570   7.4753076   0.8869536 2026 01 13 03 34 27.97
0  -1084.32935   -796.19221   7044.85564  -0.2440611   7.4845979   0.8110621 2026 01 13 03 34 37.97
0  -1086.65732   -721.30324   7052.58644  -0.2215263   7.4930544   0.7350850 2026 01 13 03 34 47.97
0  -1088.75977   -646.33388   7059.55708  -0.1989565   7.5006763   0.6590306 2026 01 13 03 34 57.97
0  -1090.63636   -571.29247   7065.76683  -0.1763552   7.5074627   0.5829070 2026 01 13 03 35 07.97
0  -1092.28679   -496.18738   7071.21502  -0.1537259   7.5134129   0.5067224 2026 01 13 03 35 17.97
0  -1093.71081   -421.02698   7075.90110  -0.1310724   7.5185262   0.4304848 2026 01 13 03 35 27.97
0  -1094.90818   -345.81963   7079.82457  -0.1083984   7.5228022   0.3542025 2026 01 13 03 35 37.97
0  -1095.87872   -270.57370   7082.98503  -0.0857073   7.5262403   0.2778835 2026 01 13 03 35 47.97
0  -1096.62228   -195.29759   7085.38215  -0.0630029   7.5288403   0.2015362 2026 01 13 03 35 57.97
0  -1097.13875   -119.99967   7087.01569  -0.0402888   7.5306018   0.1251685 2026 01 13 03 36 07.97
0  -1097.42804    -44.68833   7087.88548  -0.0175686   7.5315247   0.0487888 2026 01 13 03 36 17.97
0  -1097.49011     30.62805   7087.99145   0.0051539   7.5316089  -0.0275948 2026 01 13 03 36 27.97
0  -1097.32497    105.94108   7087.33360   0.0278753   7.5308545  -0.1039742 2026 01 13 03 36 37.97
0  -1096.93262    181.24237   7085.91201   0.0505917   7.5292614  -0.1803412 2026 01 13 03 36 47.97
0  -1096.31316    256.52354   7083.72684   0.0732996   7.5268301  -0.2566876 2026 01 13 03 36 57.97
0  -1095.46667    331.77620   7080.77835   0.0959954   7.5235607  -0.3330053 2026 01 13 03 37 07.97
0  -1094.39330    406.99198   7077.06686   0.1186753   7.5194536  -0.4092861 2026 01 13 03 37 17.97
0  -1093.09322    482.16251   7072.59278   0.1413359   7.5145093  -0.4855218 2026 01 13 03 37 27.97
0  -1091.56665    557.27941   7067.35659   0.1639733   7.5087284  -0.5617043 2026 01 13 03 37 37.97
0  -1089.81383    632.33431   7061.35889   0.1865840   7.5021116  -0.6378255 2026 01 13 03 37 47.97
0  -1087.83506    707.31888   7054.60031   0.2091645   7.4946595  -0.7138772 2026 01 13 03 37 57.97
0  -1085.63065    782.22475   7047.08160   0.2317109   7.4863732  -0.7898512 2026 01 13 03 38 07.97
0  -1083.20095    857.04359   7038.80357   0.2542198   7.4772535  -0.8657396 2026 01 13 03 38 17.97
0  -1080.54637    931.76707   7029.76711   0.2766875   7.4673014  -0.9415340 2026 01 13 03 38 27.97
0  -1077.66734   1006.38687   7019.97322   0.2991104   7.4565181  -1.0172266 2026 01 13 03 38 37.97
0  -1074.56431   1080.89469   7009.42294   0.3214850   7.4449049  -1.0928090 2026 01 13 03 38 47.97
0  -1071.23780   1155.28223   6998.11742   0.3438075   7.4324629  -1.1682734 2026 01 13 03 38 57.97
0  -1067.68833   1229.54121   6986.05788   0.3660745   7.4191937  -1.2436115 2026 01 13 03 39 07.97
0  -1063.91648   1303.66338   6973.24563   0.3882824   7.4050987  -1.3188154 2026 01 13 03 39 17.97
0  -1059.92287   1377.64047   6959.68204   0.4104275   7.3901795  -1.3938770 2026 01 13 03 39 27.97
0  -1055.70813   1451.46425   6945.36858   0.4325064   7.3744378  -1.4687882 2026 01 13 03 39 37.97
0  -1051.27295   1525.12651   6930.30679   0.4545154   7.3578754  -1.5435411 2026 01 13 03 39 47.97
0  -1046.61804   1598.61905   6914.49829   0.4764511   7.3404942  -1.6181277 2026 01 13 03 39 57.97
0  -1041.74416   1671.93370   6897.94480   0.4983099   7.3222960  -1.6925400 2026 01 13 03 40 07.97
0  -1036.65209   1745.06228   6880.64808   0.5200883   7.3032830  -1.7667699 2026 01 13 03 40 17.97
0  -1031.34265   1817.99667   6862.61001   0.5417828   7.2834572  -1.8408097 2026 01 13 03 40 27.97
0  -1025.81670   1890.72875   6843.83253   0.5633898   7.2628210  -1.9146513 2026 01 13 03 40 37.97
0  -1020.07512   1963.25042   6824.31765   0.5849060   7.2413766  -1.9882869 2026 01 13 03 40 47.97
0  -1014.11886   2035.55362   6804.06748   0.6063278   7.2191264  -2.0617086 2026 01 13 03 40 57.97
0  -1007.94886   2107.63030   6783.08419   0.6276518   7.1960729  -2.1349084 2026 01 13 03 41 07.97
0  -1001.56613   2179.47243   6761.37005   0.6488745   7.1722187  -2.2078786 2026 01 13 03 41 17.97
0   -994.97169   2251.07203   6738.92738   0.6699925   7.1475665  -2.2806114 2026 01 13 03 41 27.97
0   -988.16661   2322.42113   6715.75861   0.6910024   7.1221191  -2.3530990 2026 01 13 03 41 37.97
0   -981.15198   2393.51180   6691.86621   0.7119008   7.0958793  -2.4253336 2026 01 13 03 41 47.97
0   -973.92894   2464.33611   6667.25277   0.7326843   7.0688500  -2.4973074 2026 01 13 03 41 57.97
0   -966.49865   2534.88620   6641.92093   0.7533496   7.0410343  -2.5690128 2026 01 13 03 42 07.97
0   -958.86231   2605.15421   6615.87340   0.7738932   7.0124353  -2.6404420 2026 01 13 03 42 17.97
0   -951.02116   2675.13232   6589.11299   0.7943119   6.9830562  -2.7115875 2026 01 13 03 42 27.97
0   -942.97646   2744.81276   6561.64258   0.8146024   6.9529003  -2.7824415 2026 01 13 03 42 37.97
0   -934.72951   2814.18777   6533.46512   0.8347613   6.9219710  -2.8529965 2026 01 13 03 42 47.97
0   -926.28164   2883.24963   6504.58363   0.8547854   6.8902717  -2.9232450 2026 01 13 03 42 57.97
0   -917.63422   2951.99066   6475.00122   0.8746714   6.8578060  -2.9931793 2026 01 13 03 43 07.97
0   -908.78864   3020.40322   6444.72107   0.8944161   6.8245775  -3.0627920 2026 01 13 03 43 17.97
0   -899.74633   3088.47970   6413.74643   0.9140162   6.7905900  -3.1320755 2026 01 13 03 43 27.97
0   -890.50876   3156.21252   6382.08063   0.9334686   6.7558473  -3.2010226 2026 01 13 03 43 37.97
0   -881.07742   3223.59415   6349.72707   0.9527701   6.7203532  -3.2696257 2026 01 13 03 43 47.97
0   -871.45383   3290.61710   6316.68923   0.9719175   6.6841118  -3.3378775 2026 01 13 03 43 57.97
0   -861.63954   3357.27392   6282.97066   0.9909077   6.6471271  -3.4057706 2026 01 13 03 44 07.97
0   -851.63616   3423.55719   6248.57498   1.0097376   6.6094033  -3.4732978 2026 01 13 03 44 17.97
0   -841.44528   3489.45954   6213.50589   1.0284041   6.5709445  -3.5404518 2026 01 13 03 44 27.97
0   -831.06858   3554.97365   6177.76715   1.0469041   6.5317551  -3.6072254 2026 01 13 03 44 37.97
0   -820.50772   3620.09223   6141.36261   1.0652346   6.4918395  -3.6736114 2026 01 13 03 44 47.97
0   -809.76441   3684.80804   6104.29618   1.0833926   6.4512022  -3.7396026 2026 01 13 03 44 57.97
0   -798.84040   3749.11388   6066.57183   1.1013751   6.4098478  -3.8051920 2026 01 13 03 45 07.97
0   -787.73745   3813.00262   6028.19363   1.1191790   6.3677808  -3.8703725 2026 01 13 03 45 17.97
0   -776.45737   3876.46714   5989.16570   1.1368016   6.3250060  -3.9351371 2026 01 13 03 45 27.97
0   -765.00198   3939.50039   5949.49223   1.1542398   6.2815282  -3.9994788 2026 01 13 03 45 37.97
0   -753.37314   4002.09537   5909.17748   1.1714907   6.2373522  -4.0633906 2026 01 13 03 45 47.97
0   -741.57274   4064.24512   5868.22579   1.1885516   6.1924832  -4.1268658 2026 01 13 03 45 57.97
0   -729.60269   4125.94273   5826.64157   1.2054195   6.1469260  -4.1898974 2026 01 13 03 46 07.97
0   -717.46494   4187.18135   5784.42927   1.2220917   6.1006858  -4.2524786 2026 01 13 03 46 17.97
0   -705.16146   4247.95417   5741.59344   1.2385654   6.0537678  -4.3146027 2026 01 13 03 46 27.97
0   -692.69425   4308.25444   5698.13868   1.2548378   6.0061772  -4.3762631 2026 01 13 03 46 37.97
0   -680.06533   4368.07547   5654.06966   1.2709062   5.9579195  -4.4374530 2026 01 13 03 46 47.97
0   -667.27676   4427.41061   5609.39113   1.2867680   5.9090000  -4.4981658 2026 01 13 03 46 57.97
0   -654.33061   4486.25326   5564.10787   1.3024203   5.8594243  -4.5583950 2026 01 13 03 47 07.97
0   -641.22900   4544.59690   5518.22477   1.3178607   5.8091979  -4.6181341 2026 01 13 03 47 17.97
0   -627.97405   4602.43504   5471.74676   1.3330866   5.7583264  -4.6773766 2026 01 13 03 47 27.97
0   -614.56793   4659.76127   5424.67883   1.3480952   5.7068157  -4.7361162 2026 01 13 03 47 37.97
0   -601.01282   4716.56921   5377.02604   1.3628842   5.6546715  -4.7943464 2026 01 13 03 47 47.97
0   -587.31093   4772.85257   5328.79353   1.3774510   5.6018996  -4.8520610 2026 01 13 03 47 57.97
0   -573.46449   4828.60509   5279.98647   1.3917930   5.5485060  -4.9092538 2026 01 13 03 48 07.97
0   -559.47576   4883.82060   5230.61012   1.4059080   5.4944967  -4.9659185 2026 01 13 03 48 17.97
0   -545.34704   4938.49295   5180.66978   1.4197935   5.4398779  -5.0220490 2026 01 13 03 48 27.97
0   -531.08061   4992.61610   5130.17084   1.4334470   5.3846556  -5.0776393 2026 01 13 03 48 37.97
0   -516.67882   5046.18403   5079.11872   1.4468663   5.3288361  -5.1326833 2026 01 13 03 48 47.97
0   -502.14401   5099.19080   5027.51892   1.4600490   5.2724257  -5.1871751 2026 01 13 03 48 57.97
0   -487.47857   5151.63054   4975.37699   1.4729928   5.2154307  -5.2411087 2026 01 13 03 49 07.97
0   -472.68490   5203.49743   4922.69853   1.4856956   5.1578576  -5.2944783 2026 01 13 03 49 17.97
0   -457.76541   5254.78573   4869.48922   1.4981552   5.0997128  -5.3472782 2026 01 13 03 49 27.97
0   -442.72256   5305.48974   4815.75478   1.5103692   5.0410029  -5.3995026 2026 01 13 03 49 37.97
0   -427.55879   5355.60386   4761.50101   1.5223357   4.9817346  -5.4511458 2026 01 13 03 49 47.97
0   -412.27661   5405.12253   4706.73372   1.5340525   4.9219146  -5.5022023 2026 01 13 03 49 57.97
0   -396.87853   5454.04026   4651.45884   1.5455175   4.8615495  -5.5526664 2026 01 13 03 50 07.97
0   -381.36705   5502.35165   4595.68229   1.5567288   4.8006463  -5.6025328 2026 01 13 03 50 17.97
0   -365.74474   5550.05134   4539.41009   1.5676843   4.7392117  -5.6517960 2026 01 13 03 50 27.97
0   -350.01417   5597.13406   4482.64830   1.5783821   4.6772528  -5.7004507 2026 01 13 03 50 37.97
0   -334.17791   5643.59460   4425.40302   1.5888202   4.6147765  -5.7484915 2026 01 13 03 50 47.97
0   -318.23858   5689.42781   4367.68043   1.5989969   4.5517900  -5.7959133 2026 01 13 03 50 57.97
0   -302.19880   5734.62863   4309.48674   1.6089102   4.4883002  -5.8427109 2026 01 13 03 51 07.97
0   -286.06120   5779.19207   4250.82821   1.6185584   4.4243144  -5.8888792 2026 01 13 03 51 17.97
0   -269.82846   5823.11320   4191.71117   1.6279397   4.3598399  -5.9344131 2026 01 13 03 51 27.97
0   -253.50325   5866.38717   4132.14199   1.6370524   4.2948840  -5.9793079 2026 01 13 03 51 37.97
0   -237.08826   5909.00920   4072.12707   1.6458948   4.2294539  -6.0235585 2026 01 13 03 51 47.97
0   -220.58621   5950.97459   4011.67288   1.6544652   4.1635571  -6.0671601 2026 01 13 03 51 57.97
0   -203.99981   5992.27871   3950.78595   1.6627622   4.0972011  -6.1101081 2026 01 13 03 52 07.97
0   -187.33183   6032.91701   3889.47282   1.6707840   4.0303933  -6.1523977 2026 01 13 03 52 17.97
0   -170.58500   6072.88499   3827.74011   1.6785292   3.9631414  -6.1940243 2026 01 13 03 52 27.97
0   -153.76212   6112.17827   3765.59447   1.6859964   3.8954529  -6.2349834 2026 01 13 03 52 37.97
0   -136.86596   6150.79251   3703.04259   1.6931840   3.8273356  -6.2752705 2026 01 13 03 52 47.97
0   -119.89933   6188.72347   3640.09123   1.7000906   3.7587971  -6.3148813 2026 01 13 03 52 57.97
0   -102.86504   6225.96696   3576.74715   1.7067150   3.6898452  -6.3538114 2026 01 13 03 53 07.97
0    -85.76592   6262.51890   3513.01719   1.7130558   3.6204877  -6.3920566 2026 01 13 03 53 17.97
0    -68.60482   6298.37527   3448.90823   1.7191118   3.5507326  -6.4296127 2026 01 13 03 53 27.97
0    -51.38459   6333.53213   3384.42717   1.7248816   3.4805876  -6.4664757 2026 01 13 03 53 37.97
0    -34.10810   6367.98563   3319.58096   1.7303642   3.4100608  -6.5026415 2026 01 13 03 53 47.97
0    -16.77823   6401.73198   3254.37659   1.7355584   3.3391602  -6.5381062 2026 01 13 03 53 57.97
0      0.60215   6434.76749   3188.82110   1.7404630   3.2678938  -6.5728658 2026 01 13 03 54 07.97
0     18.03011   6467.08854   3122.92156   1.7450771   3.1962697  -6.6069168 2026 01 13 03 54 17.97
0     35.50276   6498.69159   3056.68507   1.7493995   3.1242960  -6.6402552 2026 01 13 03 54 27.97
0     53.01717   6529.57319   2990.11877   1.7534294   3.0519809  -6.6728775 2026 01 13 03 54 37.97
0     70.57041   6559.72997   2923.22985   1.7571658   2.9793326  -6.7047801 2026 01 13 03 54 47.97
0     88.15954   6589.15863   2856.02551   1.7606079   2.9063594  -6.7359596 2026 01 13 03 54 57.97
0    105.78162   6617.85597   2788.51301   1.7637547   2.8330695  -6.7664125 2026 01 13 03 55 07.97
0    123.43369   6645.81886   2720.69962   1.7666055   2.7594713  -6.7961356 2026 01 13 03 55 17.97
0    141.11278   6673.04426   2652.59268   1.7691596   2.6855731  -6.8251256 2026 01 13 03 55 27.97
0    158.81592   6699.52921   2584.19951   1.7714162   2.6113833  -6.8533792 2026 01 13 03 55 37.97
0    176.54014   6725.27084   2515.52750   1.7733746   2.5369104  -6.8808936 2026 01 13 03 55 47.97
0    194.28245   6750.26637   2446.58405   1.7750343   2.4621627  -6.9076656 2026 01 13 03 55 57.97
0    212.03986   6774.51307   2377.37661   1.7763947   2.3871489  -6.9336924 2026 01 13 03 56 07.97
0    229.80938   6798.00835   2307.91264   1.7774553   2.3118774  -6.9589711 2026 01 13 03 56 17.97
0    247.58800   6820.74965   2238.19964   1.7782155   2.2363567  -6.9834989 2026 01 13 03 56 27.97
0    265.37272   6842.73454   2168.24513   1.7786750   2.1605956  -7.0072732 2026 01 13 03 56 37.97
0    283.16053   6863.96065   2098.05665   1.7788333   2.0846024  -7.0302915 2026 01 13 03 56 47.97
0    300.94841   6884.42571   2027.64179   1.7786901   2.0083860  -7.0525511 2026 01 13 03 56 57.97
0    318.73335   6904.12752   1957.00813   1.7782451   1.9319550  -7.0740497 2026 01 13 03 57 07.97
0    336.51233   6923.06398   1886.16330   1.7774981   1.8553180  -7.0947850 2026 01 13 03 57 17.97
0    354.28233   6941.23309   1815.11494   1.7764488   1.7784837  -7.1147547 2026 01 13 03 57 27.97
0    372.04032   6958.63289   1743.87073   1.7750970   1.7014610  -7.1339566 2026 01 13 03 57 37.97
0    389.78329   6975.26157   1672.43834   1.7734427   1.6242585  -7.1523886 2026 01 13 03 57 47.97
0    407.50819   6991.11736   1600.82550   1.7714857   1.5468850  -7.1700488 2026 01 13 03 57 57.97
0    425.21201   7006.19860   1529.03992   1.7692261   1.4693494  -7.1869352 2026 01 13 03 58 07.97
0    442.89173   7020.50370   1457.08935   1.7666639   1.3916603  -7.2030460 2026 01 13 03 58 17.97
0    460.54430   7034.03119   1384.98157   1.7637991   1.3138268  -7.2183795 2026 01 13 03 58 27.97
0    478.16672   7046.77966   1312.72434   1.7606318   1.2358575  -7.2329340 2026 01 13 03 58 37.97
0    495.75595   7058.74779   1240.32547   1.7571622   1.1577614  -7.2467079 2026 01 13 03 58 47.97
0    513.30898   7069.93436   1167.79277   1.7533905   1.0795473  -7.2596998 2026 01 13 03 58 57.97
0    530.82277   7080.33824   1095.13407   1.7493169   1.0012241  -7.2719083 2026 01 13 03 59 07.97
0    548.29433   7089.95839   1022.35720   1.7449418   0.9228008  -7.2833320 2026 01 13 03 59 17.97
0    565.72062   7098.79383    949.47003   1.7402654   0.8442862  -7.2939697 2026 01 13 03 59 27.97
0    583.09865   7106.84372    876.48042   1.7352882   0.7656892  -7.3038203 2026 01 13 03 59 37.97
0    600.42540   7114.10725    803.39625   1.7300106   0.6870188  -7.3128828 2026 01 13 03 59 47.97
0    617.69787   7120.58376    730.22539   1.7244330   0.6082839  -7.3211561 2026 01 13 03 59 57.97
0    634.91307   7126.27263    656.97575   1.7185561   0.5294935  -7.3286394 2026 01 13 04 00 07.97
0    652.06801   7131.17336    583.65523   1.7123802   0.4506564  -7.3353319 2026 01 13 04 00 17.97
0    669.15970   7135.28553    510.27175   1.7059062   0.3717817  -7.3412330 2026 01 13 04 00 27.97
0    686.18515   7138.60879    436.83321   1.6991345   0.2928783  -7.3463419 2026 01 13 04 00 37.97
0    703.14141   7141.14292    363.34755   1.6920660   0.2139551  -7.3506582 2026 01 13 04 00 47.97
0    720.02550   7142.88776    289.82269   1.6847013   0.1350211  -7.3541814 2026 01 13 04 00 57.97
0    736.83446   7143.84324    216.26657   1.6770413   0.0560852  -7.3569113 2026 01 13 04 01 07.97
0    753.56535   7144.00939    142.68712   1.6690868  -0.0228435  -7.3588474 2026 01 13 04 01 17.97
0    770.21523   7143.38633     69.09227   1.6608387  -0.1017562  -7.3599897 2026 01 13 04 01 27.97
0    786.78116   7141.97426     -4.51003   1.6522979  -0.1806439  -7.3603380 2026 01 13 04 01 37.97
0    803.26022   7139.77347    -78.11184   1.6434654  -0.2594977  -7.3598925 2026 01 13 04 01 47.97
0    819.64951   7136.78436   -151.70523   1.6343423  -0.3383086  -7.3586530 2026 01 13 04 01 57.97
0    835.94611   7133.00739   -225.28225   1.6249294  -0.4170677  -7.3566199 2026 01 13 04 02 07.97
0    852.14714   7128.44313   -298.83497   1.6152281  -0.4957661  -7.3537934 2026 01 13 04 02 17.97
0    868.24972   7123.09223   -372.35547   1.6052394  -0.5743948  -7.3501738 2026 01 13 04 02 27.97
0    884.25099   7116.95542   -445.83580   1.5949645  -0.6529450  -7.3457616 2026 01 13 04 02 37.97
0    900.14807   7110.03355   -519.26806   1.5844047  -0.7314079  -7.3405574 2026 01 13 04 02 47.97
0    915.93814   7102.32752   -592.64431   1.5735612  -0.8097744  -7.3345616 2026 01 13 04 02 57.97
0    931.61836   7093.83835   -665.95665   1.5624355  -0.8880358  -7.3277751 2026 01 13 04 03 07.97
0    947.18592   7084.56713   -739.19717   1.5510287  -0.9661831  -7.3201986 2026 01 13 04 03 17.97
0    962.63801   7074.51504   -812.35798   1.5393424  -1.0442077  -7.3118330 2026 01 13 04 03 27.97
0    977.97185   7063.68336   -885.43120   1.5273781  -1.1221006  -7.3026792 2026 01 13 04 03 37.97
0    993.18466   7052.07345   -958.40894   1.5151371  -1.1998530  -7.2927383 2026 01 13 04 03 47.97
0   1008.27368   7039.68675  -1031.28335   1.5026211  -1.2774563  -7.2820115 2026 01 13 04 03 57.97
0   1023.23618   7026.52480  -1104.04656   1.4898317  -1.3549016  -7.2705000 2026 01 13 04 04 07.97
0   1038.06942   7012.58923  -1176.69074   1.4767704  -1.4321801  -7.2582050 2026 01 13 04 04 17.97
0   1052.77069   6997.88175  -1249.20805   1.4634389  -1.5092833  -7.2451280 2026 01 13 04 04 27.97
0   1067.33731   6982.40415  -1321.59070   1.4498390  -1.5862023  -7.2312705 2026 01 13 04 04 37.97
0   1081.76659   6966.15831  -1393.83087   1.4359724  -1.6629285  -7.2166339 2026 01 13 04 04 47.97
0   1096.05589   6949.14622  -1465.92079   1.4218409  -1.7394534  -7.2012201 2026 01 13 04 04 57.97
0   1110.20254   6931.36992  -1537.85270   1.4074463  -1.8157682  -7.1850306 2026 01 13 04 05 07.97
0   1124.20395   6912.83156  -1609.61884   1.3927905  -1.8918643  -7.1680674 2026 01 13 04 05 17.97
0   1138.05750   6893.53337  -1681.21149   1.3778754  -1.9677333  -7.1503323 2026 01 13 04 05 27.97
0   1151.76061   6873.47767  -1752.62293   1.3627030  -2.0433666  -7.1318274 2026 01 13 04 05 37.97
0   1165.31072   6852.66684  -1823.84549   1.3472752  -2.1187557  -7.1125547 2026 01 13 04 05 47.97
0   1178.70528   6831.10338  -1894.87150   1.3315941  -2.1938921  -7.0925163 2026 01 13 04 05 57.97
0   1191.94177   6808.78986  -1965.69330   1.3156618  -2.2687674  -7.0717145 2026 01 13 04 06 07.97
0   1205.01770   6785.72893  -2036.30328   1.2994804  -2.3433732  -7.0501517 2026 01 13 04 06 17.97
0   1217.93057   6761.92332  -2106.69383   1.2830521  -2.4177011  -7.0278302 2026 01 13 04 06 27.97
0   1230.67794   6737.37586  -2176.85739   1.2663789  -2.4917428  -7.0047526 2026 01 13 04 06 37.97
0   1243.25735   6712.08945  -2246.78641   1.2494632  -2.5654900  -6.9809214 2026 01 13 04 06 47.97
0   1255.66641   6686.06708  -2316.47336   1.2323072  -2.6389344  -6.9563392 2026 01 13 04 06 57.97
0   1267.90272   6659.31181  -2385.91074   1.2149133  -2.7120679  -6.9310089 2026 01 13 04 07 07.97
0   1279.96391   6631.82679  -2455.09109   1.1972837  -2.7848823  -6.9049332 2026 01 13 04 07 17.97
0   1291.84763   6603.61526  -2524.00698   1.1794208  -2.8573693  -6.8781150 2026 01 13 04 07 27.97
0   1303.55157   6574.68053  -2592.65098   1.1613271  -2.9295210  -6.8505573 2026 01 13 04 07 37.97
0   1315.07343   6545.02600  -2661.01573   1.1430050  -3.0013292  -6.8222632 2026 01 13 04 07 47.97
0   1326.41093   6514.65514  -2729.09386   1.1244570  -3.0727860  -6.7932358 2026 01 13 04 07 57.97
0   1337.56184   6483.57150  -2796.87807   1.1056856  -3.1438834  -6.7634783 2026 01 13 04 08 07.97
0   1348.52393   6451.77871  -2864.36107   1.0866934  -3.2146134  -6.7329941 2026 01 13 04 08 17.97
0   1359.29500   6419.28050  -2931.53561   1.0674829  -3.2849682  -6.7017864 2026 01 13 04 08 27.97
0   1369.87289   6386.08064  -2998.39448   1.0480569  -3.3549400  -6.6698588 2026 01 13 04 08 37.97
0   1380.25545   6352.18302  -3064.93048   1.0284178  -3.4245209  -6.6372148 2026 01 13 04 08 47.97
0   1390.44056   6317.59158  -3131.13648   1.0085685  -3.4937033  -6.6038579 2026 01 13 04 08 57.97
0   1400.42614   6282.31033  -3197.00536   0.9885117  -3.5624795  -6.5697920 2026 01 13 04 09 07.97
0   1410.21013   6246.34339  -3262.53006   0.9682500  -3.6308418  -6.5350207 2026 01 13 04 09 17.97
0   1419.79049   6209.69493  -3327.70353   0.9477864  -3.6987826  -6.4995478 2026 01 13 04 09 27.97
0   1429.16522   6172.36919  -3392.51879   0.9271236  -3.7662945  -6.4633773 2026 01 13 04 09 37.97
0   1438.33233   6134.37051  -3456.96887   0.9062646  -3.8333698  -6.4265132 2026 01 13 04 09 47.97
0   1447.28989   6095.70330  -3521.04687   0.8852120  -3.9000014  -6.3889595 2026 01 13 04 09 57.97
0   1456.03596   6056.37201  -3584.74589   0.8639690  -3.9661816  -6.3507204 2026 01 13 04 10 07.97
0   1464.56867   6016.38121  -3648.05912   0.8425385  -4.0319033  -6.3118000 2026 01 13 04 10 17.97
0   1472.88614   5975.73552  -3710.97976   0.8209233  -4.0971592  -6.2722027 2026 01 13 04 10 27.97
0   1480.98655   5934.43963  -3773.50106   0.7991266  -4.1619421  -6.2319327 2026 01 13 04 10 37.97
0   1488.86810   5892.49830  -3835.61632   0.7771513  -4.2262448  -6.1909946 2026 01 13 04 10 47.97
0   1496.52902   5849.91637  -3897.31888   0.7550005  -4.2900603  -6.1493928 2026 01 13 04 10 57.97
0   1503.96757   5806.69876  -3958.60212   0.7326774  -4.3533815  -6.1071318 2026 01 13 04 11 07.97
0   1511.18203   5762.85043  -4019.45948   0.7101850  -4.4162015  -6.0642163 2026 01 13 04 11 17.97
0   1518.17074   5718.37643  -4079.88443   0.6875265  -4.4785134  -6.0206510 2026 01 13 04 11 27.97
0   1524.93205   5673.28189  -4139.87050   0.6647051  -4.5403102  -5.9764406 2026 01 13 04 11 37.97
0   1531.46434   5627.57198  -4199.41126   0.6417239  -4.6015854  -5.9315900 2026 01 13 04 11 47.97
0   1537.76603   5581.25195  -4258.50035   0.6185863  -4.6623321  -5.8861041 2026 01 13 04 11 57.97
0   1543.83558   5534.32713  -4317.13141   0.5952954  -4.7225436  -5.8399879 2026 01 13 04 12 07.97
0   1549.67147   5486.80289  -4375.29819   0.5718545  -4.7822134  -5.7932464 2026 01 13 04 12 17.97
0   1555.27221   5438.68468  -4432.99445   0.5482669  -4.8413351  -5.7458847 2026 01 13 04 12 27.97
0   1560.63636   5389.97803  -4490.21402   0.5245360  -4.8999020  -5.6979079 2026 01 13 04 12 37.97
0   1565.76249   5340.68851  -4546.95076   0.5006651  -4.9579079  -5.6493213 2026 01 13 04 12 47.97
0   1570.64923   5290.82176  -4603.19861   0.4766576  -5.0153463  -5.6001302 2026 01 13 04 12 57.97
0   1575.29523   5240.38348  -4658.95156   0.4525169  -5.0722111  -5.5503400 2026 01 13 04 13 07.97
0   1579.69917   5189.37945  -4714.20363   0.4282464  -5.1284961  -5.4999560 2026 01 13 04 13 17.97
0   1583.85976   5137.81549  -4768.94892   0.4038496  -5.1841951  -5.4489837 2026 01 13 04 13 27.97
0   1587.77578   5085.69750  -4823.18157   0.3793298  -5.2393020  -5.3974287 2026 01 13 04 13 37.97
0   1591.44599   5033.03142  -4876.89577   0.3546907  -5.2938110  -5.3452965 2026 01 13 04 13 47.97
0   1594.86923   4979.82326  -4930.08580   0.3299356  -5.3477161  -5.2925929 2026 01 13 04 13 57.97
0   1598.04436   4926.07909  -4982.74596   0.3050682  -5.4010115  -5.2393235 2026 01 13 04 14 07.97
0   1600.97026   4871.80504  -5034.87062   0.2800920  -5.4536914  -5.1854942 2026 01 13 04 14 17.97
0   1603.64587   4817.00729  -5086.45422   0.2550105  -5.5057501  -5.1311107 2026 01 13 04 14 27.97
0   1606.07016   4761.69208  -5137.49123   0.2298273  -5.5571819  -5.0761790 2026 01 13 04 14 37.97
0   1608.24212   4705.86571  -5187.97621   0.2045460  -5.6079815  -5.0207049 2026 01 13 04 14 47.97
0   1610.16079   4649.53452  -5237.90377   0.1791703  -5.6581431  -4.9646945 2026 01 13 04 14 57.97
0   1611.82525   4592.70492  -5287.26857   0.1537038  -5.7076616  -4.9081539 2026 01 13 04 15 07.97
0   1613.23460   4535.38338  -5336.06533   0.1281500  -5.7565316  -4.8510892 2026 01 13 04 15 17.97
0   1614.38799   4477.57640  -5384.28886   0.1025128  -5.8047477  -4.7935064 2026 01 13 04 15 27.97
0   1615.28461   4419.29054  -5431.93399   0.0767958  -5.8523049  -4.7354119 2026 01 13 04 15 37.97
0   1615.92368   4360.53243  -5478.99565   0.0510026  -5.8991980  -4.6768119 2026 01 13 04 15 47.97
0   1616.30445   4301.30872  -5525.46881   0.0251371  -5.9454221  -4.6177128 2026 01 13 04 15 57.97
0   1616.42621   4241.62614  -5571.34850  -0.0007972  -5.9909722  -4.5581208 2026 01 13 04 16 07.97
0   1616.28831   4181.49144  -5616.62985  -0.0267964  -6.0358434  -4.4980424 2026 01 13 04 16 17.97
0   1615.89010   4120.91144  -5661.30800  -0.0528567  -6.0800310  -4.4374842 2026 01 13 04 16 27.97
0   1615.23100   4059.89300  -5705.37820  -0.0789745  -6.1235302  -4.3764525 2026 01 13 04 16 37.97
0   1614.31045   3998.44302  -5748.83574  -0.1051459  -6.1663365  -4.3149540 2026 01 13 04 16 47.97
0   1613.12793   3936.56847  -5791.67599  -0.1313672  -6.2084452  -4.2529953 2026 01 13 04 16 57.97
0   1611.68297   3874.27633  -5833.89438  -0.1576345  -6.2498520  -4.1905830 2026 01 13 04 17 07.97
0   1609.97512   3811.57365  -5875.48641  -0.1839440  -6.2905524  -4.1277239 2026 01 13 04 17 17.97
0   1608.00398   3748.46751  -5916.44764  -0.2102919  -6.3305422  -4.0644247 2026 01 13 04 17 27.97
0   1605.76918   3684.96504  -5956.77371  -0.2366744  -6.3698170  -4.0006921 2026 01 13 04 17 37.97
0   1603.27040   3621.07341  -5996.46031  -0.2630877  -6.4083729  -3.9365330 2026 01 13 04 17 47.97
0   1600.50735   3556.79983  -6035.50322  -0.2895278  -6.4462057  -3.8719544 2026 01 13 04 17 57.97
0   1597.47977   3492.15155  -6073.89827  -0.3159909  -6.4833114  -3.8069631 2026 01 13 04 18 07.97
0   1594.18747   3427.13586  -6111.64137  -0.3424732  -6.5196862  -3.7415660 2026 01 13 04 18 17.97
0   1590.63027   3361.76009  -6148.72851  -0.3689708  -6.5553263  -3.6757702 2026 01 13 04 18 27.97
0   1586.80802   3296.03161  -6185.15572  -0.3954798  -6.5902279  -3.6095828 2026 01 13 04 18 37.97
0   1582.72065   3229.95782  -6220.91912  -0.4219963  -6.6243874  -3.5430107 2026 01 13 04 18 47.97
0   1578.36809   3163.54615  -6256.01492  -0.4485165  -6.6578012  -3.4760612 2026 01 13 04 18 57.97
0   1573.75032   3096.80408  -6290.43935  -0.4750364  -6.6904658  -3.4087413 2026 01 13 04 19 07.97
0   1568.86737   3029.73913  -6324.18877  -0.5015521  -6.7223780  -3.3410583 2026 01 13 04 19 17.97
0   1563.71930   2962.35883  -6357.25957  -0.5280597  -6.7535343  -3.2730194 2026 01 13 04 19 27.97
0   1558.30621   2894.67075  -6389.64823  -0.5545554  -6.7839316  -3.2046318 2026 01 13 04 19 37.97
0   1552.62824   2826.68251  -6421.35130  -0.5810351  -6.8135666  -3.1359029 2026 01 13 04 19 47.97
0   1546.68557   2758.40173  -6452.36540  -0.6074951  -6.8424365  -3.0668400 2026 01 13 04 19 57.97
0   1540.47841   2689.83610  -6482.68724  -0.6339314  -6.8705381  -2.9974504 2026 01 13 04 20 07.97
0   1534.00702   2620.99330  -6512.31357  -0.6603400  -6.8978687  -2.9277416 2026 01 13 04 20 17.97
0   1527.27170   2551.88105  -6541.24125  -0.6867171  -6.9244255  -2.8577210 2026 01 13 04 20 27.97
0   1520.27279   2482.50712  -6569.46719  -0.7130587  -6.9502056  -2.7873960 2026 01 13 04 20 37.97
0   1513.01065   2412.87927  -6596.98839  -0.7393610  -6.9752066  -2.7167741 2026 01 13 04 20 47.97
0   1505.48569   2343.00532  -6623.80192  -0.7656199  -6.9994259  -2.6458628 2026 01 13 04 20 57.97
0   1497.69839   2272.89309  -6649.90492  -0.7918316  -7.0228611  -2.5746697 2026 01 13 04 21 07.97
0   1489.64921   2202.55044  -6675.29460  -0.8179922  -7.0455098  -2.5032024 2026 01 13 04 21 17.97
0   1481.33870   2131.98524  -6699.96827  -0.8440978  -7.0673697  -2.4314684 2026 01 13 04 21 27.97
0   1472.76743   2061.20540  -6723.92330  -0.8701444  -7.0884386  -2.3594755 2026 01 13 04 21 37.97
0   1463.93600   1990.21882  -6747.15713  -0.8961281  -7.1087145  -2.2872311 2026 01 13 04 21 47.97
0   1454.84506   1919.03346  -6769.66730  -0.9220451  -7.1281954  -2.2147431 2026 01 13 04 21 57.97
0   1445.49530   1847.65726  -6791.45139  -0.9478915  -7.1468794  -2.1420190 2026 01 13 04 22 07.97
0   1435.88745   1776.09822  -6812.50709  -0.9736633  -7.1647645  -2.0690667 2026 01 13 04 22 17.97
0   1426.02226   1704.36433  -6832.83216  -0.9993567  -7.1818492  -1.9958939 2026 01 13 04 22 27.97
0   1415.90055   1632.46360  -6852.42442  -1.0249677  -7.1981316  -1.9225084 2026 01 13 04 22 37.97
0   1405.52316   1560.40406  -6871.28180  -1.0504926  -7.2136103  -1.8489178 2026 01 13 04 22 47.97
0   1394.89096   1488.19375  -6889.40228  -1.0759275  -7.2282839  -1.7751301 2026 01 13 04 22 57.97
0   1384.00488   1415.84074  -6906.78392  -1.1012684  -7.2421508  -1.7011531 2026 01 13 04 23 07.97
0   1372.86587   1343.35309  -6923.42488  -1.1265115  -7.2552099  -1.6269946 2026 01 13 04 23 17.97
0   1361.47494   1270.73890  -6939.32337  -1.1516531  -7.2674598  -1.5526625 2026 01 13 04 23 27.97
0   1349.83311   1198.00626  -6954.47770  -1.1766892  -7.2788996  -1.4781646 2026 01 13 04 23 37.97
0   1337.94147   1125.16327  -6968.88626  -1.2016160  -7.2895281  -1.4035089 2026 01 13 04 23 47.97
0   1325.80112   1052.21806  -6982.54750  -1.2264297  -7.2993444  -1.3287033 2026 01 13 04 23 57.97
0   1313.41321    979.17875  -6995.45997  -1.2511266  -7.3083477  -1.2537556 2026 01 13 04 24 07.97
0   1300.77894    906.05347  -7007.62228  -1.2757027  -7.3165372  -1.1786740 2026 01 13 04 24 17.97
0   1287.89952    832.85036  -7019.03313  -1.3001544  -7.3239123  -1.1034662 2026 01 13 04 24 27.97
0   1274.77622    759.57758  -7029.69130  -1.3244778  -7.3304723  -1.0281402 2026 01 13 04 24 37.97
0   1261.41034    686.24328  -7039.59565  -1.3486692  -7.3362167  -0.9527041 2026 01 13 04 24 47.97
0   1247.80322    612.85561  -7048.74512  -1.3727249  -7.3411452  -0.8771659 2026 01 13 04 24 57.97
0   1233.95624    539.42273  -7057.13873  -1.3966411  -7.3452575  -0.8015334 2026 01 13 04 25 07.97
0   1219.87081    465.95282  -7064.77558  -1.4204141  -7.3485532  -0.7258148 2026 01 13 04 25 17.97
0   1205.54838    392.45402  -7071.65483  -1.4440402  -7.3510324  -0.6500181 2026 01 13 04 25 27.97
0   1190.99044    318.93453  -7077.77576  -1.4675157  -7.3526948  -0.5741513 2026 01 13 04 25 37.97
0   1176.19851    245.40248  -7083.13770  -1.4908369  -7.3535407  -0.4982224 2026 01 13 04 25 47.97
0   1161.17416    171.86607  -7087.74007  -1.5140002  -7.3535700  -0.4222394 2026 01 13 04 25 57.97
0   1145.91897     98.33344  -7091.58237  -1.5370019  -7.3527830  -0.3462104 2026 01 13 04 26 07.97
0   1130.43459     24.81276  -7094.66418  -1.5598384  -7.3511801  -0.2701435 2026 01 13 04 26 17.97
0   1114.72269    -48.68782  -7096.98517  -1.5825062  -7.3487616  -0.1940467 2026 01 13 04 26 27.97
0   1098.78497   -122.16013  -7098.54506  -1.6050015  -7.3455280  -0.1179281 2026 01 13 04 26 37.97
0   1082.62317   -195.59603  -7099.34369  -1.6273209  -7.3414798  -0.0417957 2026 01 13 04 26 47.97
0   1066.23907   -268.98738  -7099.38096  -1.6494607  -7.3366178   0.0343424 2026 01 13 04 26 57.97
0   1049.63448   -342.32605  -7098.65685  -1.6714175  -7.3309428   0.1104781 2026 01 13 04 27 07.97
0   1032.81125   -415.60390  -7097.17142  -1.6931877  -7.3244554   0.1866035 2026 01 13 04 27 17.97
0   1015.77127   -488.81282  -7094.92483  -1.7147679  -7.3171567   0.2627103 2026 01 13 04 27 27.97
0    998.51645   -561.94470  -7091.91728  -1.7361546  -7.3090477   0.3387906 2026 01 13 04 27 37.97
0    981.04875   -634.99144  -7088.14910  -1.7573442  -7.3001295   0.4148363 2026 01 13 04 27 47.97
0    963.37015   -707.94496  -7083.62067  -1.7783335  -7.2904033   0.4908393 2026 01 13 04 27 57.97
0    945.48267   -780.79718  -7078.33244  -1.7991189  -7.2798704   0.5667917 2026 01 13 04 28 07.97
0    927.38837   -853.54005  -7072.28498  -1.8196972  -7.2685320   0.6426852 2026 01 13 04 28 17.97
0    909.08933   -926.16550  -7065.47891  -1.8400648  -7.2563898   0.7185119 2026 01 13 04 28 27.97
0    890.58769   -998.66553  -7057.91493  -1.8602186  -7.2434453   0.7942638 2026 01 13 04 28 37.97
0    871.88559  -1071.03210  -7049.59384  -1.8801551  -7.2296999   0.8699328 2026 01 13 04 28 47.97
0    852.98523  -1143.25722  -7040.51651  -1.8998712  -7.2151556   0.9455109 2026 01 13 04 28 57.97
0    833.88882  -1215.33291  -7030.68388  -1.9193634  -7.1998141   1.0209901 2026 01 13 04 29 07.97
0    814.59862  -1287.25120  -7020.09698  -1.9386287  -7.1836773   1.0963623 2026 01 13 04 29 17.97
0    795.11691  -1359.00415  -7008.75693  -1.9576637  -7.1667471   1.1716196 2026 01 13 04 29 27.97
0    775.44602  -1430.58385  -6996.66491  -1.9764654  -7.1490257   1.2467540 2026 01 13 04 29 37.97
0    755.58829  -1501.98238  -6983.82219  -1.9950304  -7.1305152   1.3217575 2026 01 13 04 29 47.97
0    735.54611  -1573.19187  -6970.23012  -2.0133558  -7.1112178   1.3966221 2026 01 13 04 29 57.97
0    715.32188  -1644.20446  -6955.89013  -2.0314383  -7.0911359   1.4713399 2026 01 13 04 30 07.97
0    694.91806  -1715.01232  -6940.80372  -2.0492750  -7.0702719   1.5459029 2026 01 13 04 30 17.97
0    674.33711  -1785.60763  -6924.97249  -2.0668627  -7.0486282   1.6203033 2026 01 13 04 30 27.97
0    653.58154  -1855.98262  -6908.39810  -2.0841985  -7.0262074   1.6945330 2026 01 13 04 30 37.97
0    632.65389  -1926.12952  -6891.08230  -2.1012793  -7.0030123   1.7685843 2026 01 13 04 30 47.97
0    611.55671  -1996.04061  -6873.02690  -2.1181023  -6.9790456   1.8424492 2026 01 13 04 30 57.97
0    590.29261  -2065.70819  -6854.23382  -2.1346644  -6.9543100   1.9161199 2026 01 13 04 31 07.97
0    568.86420  -2135.12457  -6834.70504  -2.1509628  -6.9288086   1.9895885 2026 01 13 04 31 17.97
0    547.27413  -2204.28213  -6814.44261  -2.1669946  -6.9025443   2.0628473 2026 01 13 04 31 27.97
0    525.52510  -2273.17323  -6793.44867  -2.1827569  -6.8755202   2.1358883 2026 01 13 04 31 37.97
0    503.61980  -2341.79031  -6771.72544  -2.1982471  -6.8477395   2.2087039 2026 01 13 04 31 47.97
0    481.56097  -2410.12581  -6749.27521  -2.2134622  -6.8192054   2.2812862 2026 01 13 04 31 57.97
0    459.35137  -2478.17221  -6726.10036  -2.2283996  -6.7899214   2.3536275 2026 01 13 04 32 07.97
0    436.99380  -2545.92204  -6702.20333  -2.2430565  -6.7598907   2.4257202 2026 01 13 04 32 17.97
0    414.49108  -2613.36784  -6677.58664  -2.2574304  -6.7291169   2.4975564 2026 01 13 04 32 27.97
0    391.84604  -2680.50219  -6652.25291  -2.2715185  -6.6976036   2.5691286 2026 01 13 04 32 37.97
0    369.06156  -2747.31773  -6626.20480  -2.2853182  -6.6653544   2.6404291 2026 01 13 04 32 47.97
0    346.14054  -2813.80712  -6599.44508  -2.2988270  -6.6323732   2.7114502 2026 01 13 04 32 57.97
0    323.08589  -2879.96304  -6571.97658  -2.3120424  -6.5986636   2.7821844 2026 01 13 04 33 07.97
0    299.90057  -2945.77824  -6543.80219  -2.3249618  -6.5642297   2.8526242 2026 01 13 04 33 17.97
0    276.58754  -3011.24550  -6514.92491  -2.3375829  -6.5290754   2.9227619 2026 01 13 04 33 27.97
0    253.14981  -3076.35762  -6485.34780  -2.3499031  -6.4932048   2.9925901 2026 01 13 04 33 37.97
0    229.59038  -3141.10747  -6455.07398  -2.3619201  -6.4566220   3.0621012 2026 01 13 04 33 47.97
0    205.91232  -3205.48795  -6424.10667  -2.3736315  -6.4193313   3.1312879 2026 01 13 04 33 57.97
0    182.11867  -3269.49200  -6392.44914  -2.3850351  -6.3813369   3.2001428 2026 01 13 04 34 07.97
0    158.21254  -3333.11260  -6360.10475  -2.3961286  -6.3426433   3.2686583 2026 01 13 04 34 17.97
0    134.19704  -3396.34278  -6327.07693  -2.4069097  -6.3032548   3.3368273 2026 01 13 04 34 27.97
0    110.07529  -3459.17563  -6293.36918  -2.4173762  -6.2631761   3.4046423 2026 01 13 04 34 37.97
0     85.85046  -3521.60425  -6258.98509  -2.4275260  -6.2224117   3.4720961 2026 01 13 04 34 47.97
0     61.52573  -3583.62181  -6223.92829  -2.4373570  -6.1809664   3.5391814 2026 01 13 04 34 57.97
0     37.10428  -3645.22154  -6188.20251  -2.4468671  -6.1388449   3.6058911 2026 01 13 04 35 07.97
0     12.58935  -3706.39669  -6151.81154  -2.4560542  -6.0960520   3.6722179 2026 01 13 04 35 17.97
0    -12.01582  -3767.14057  -6114.75925  -2.4649164  -6.0525927   3.7381547 2026 01 13 04 35 27.97
0    -36.70799  -3827.44655  -6077.04957  -2.4734517  -6.0084720   3.8036943 2026 01 13 04 35 37.97
0    -61.48387  -3887.30803  -6038.68650  -2.4816583  -5.9636948   3.8688299 2026 01 13 04 35 47.97
0    -86.34016  -3946.71848  -5999.67413  -2.4895341  -5.9182664   3.9335542 2026 01 13 04 35 57.97
0   -111.27355  -4005.67140  -5960.01661  -2.4970775  -5.8721920   3.9978604 2026 01 13 04 36 07.97
0   -136.28070  -4064.16037  -5919.71814  -2.5042866  -5.8254769   4.0617414 2026 01 13 04 36 17.97
0   -161.35826  -4122.17901  -5878.78301  -2.5111597  -5.7781263   4.1251904 2026 01 13 04 36 27.97
0   -186.50287  -4179.72099  -5837.21559  -2.5176951  -5.7301458   4.1882006 2026 01 13 04 36 37.97
0   -211.71114  -4236.78003  -5795.02028  -2.5238911  -5.6815408   4.2507651 2026 01 13 04 36 47.97
0   -236.97966  -4293.34992  -5752.20159  -2.5297461  -5.6323169   4.3128771 2026 01 13 04 36 57.97
0   -262.30502  -4349.42450  -5708.76406  -2.5352586  -5.5824798   4.3745299 2026 01 13 04 37 07.97
0   -287.68379  -4404.99766  -5664.71233  -2.5404270  -5.5320351   4.4357169 2026 01 13 04 37 17.97
0   -313.11251  -4460.06336  -5620.05109  -2.5452499  -5.4809886   4.4964314 2026 01 13 04 37 27.97
0   -338.58773  -4514.61561  -5574.78510  -2.5497257  -5.4293462   4.5566669 2026 01 13 04 37 37.97
0   -364.10597  -4568.64848  -5528.91917  -2.5538533  -5.3771138   4.6164167 2026 01 13 04 37 47.97
0   -389.66374  -4622.15610  -5482.45820  -2.5576311  -5.3242973   4.6756744 2026 01 13 04 37 57.97
0   -415.25753  -4675.13266  -5435.40714  -2.5610579  -5.2709029   4.7344335 2026 01 13 04 38 07.97
0   -440.88382  -4727.57240  -5387.77101  -2.5641324  -5.2169365   4.7926878 2026 01 13 04 38 17.97
0   -466.53910  -4779.46965  -5339.55489  -2.5668535  -5.1624045   4.8504308 2026 01 13 04 38 27.97
0   -492.21981  -4830.81877  -5290.76392  -2.5692200  -5.1073130   4.9076562 2026 01 13 04 38 37.97
0   -517.92242  -4881.61421  -5241.40331  -2.5712308  -5.0516683   4.9643578 2026 01 13 04 38 47.97
0   -543.64334  -4931.85046  -5191.47833  -2.5728847  -4.9954769   5.0205295 2026 01 13 04 38 57.97
0   -569.37902  -4981.52209  -5140.99431  -2.5741809  -4.9387451   5.0761651 2026 01 13 04 39 07.97
0   -595.12586  -5030.62372  -5089.95664  -2.5751183  -4.8814794   5.1312585 2026 01 13 04 39 17.97
0   -620.88029  -5079.15005  -5038.37077  -2.5756960  -4.8236864   5.1858038 2026 01 13 04 39 27.97
0   -646.63868  -5127.09584  -4986.24221  -2.5759131  -4.7653726   5.2397948 2026 01 13 04 39 37.97
0   -672.39745  -5174.45592  -4933.57654  -2.5757689  -4.7065449   5.2932259 2026 01 13 04 39 47.97
0   -698.15296  -5221.22518  -4880.37939  -2.5752625  -4.6472099   5.3460910 2026 01 13 04 39 57.97
0   -723.90159  -5267.39858  -4826.65644  -2.5743932  -4.5873743   5.3983845 2026 01 13 04 40 07.97
0   -749.63971  -5312.97114  -4772.41343  -2.5731603  -4.5270451   5.4501006 2026 01 13 04 40 17.97
0   -775.36368  -5357.93798  -4717.65618  -2.5715633  -4.4662291   5.5012336 2026 01 13 04 40 27.97
0   -801.06986  -5402.29425  -4662.39053  -2.5696014  -4.4049334   5.5517779 2026 01 13 04 40 37.97
0   -826.75460  -5446.03519  -4606.62241  -2.5672743  -4.3431648   5.6017279 2026 01 13 04 40 47.97
0   -852.41423  -5489.15611  -4550.35779  -2.5645814  -4.2809306   5.6510782 2026 01 13 04 40 57.97
0   -878.04511  -5531.65239  -4493.60268  -2.5615223  -4.2182377   5.6998234 2026 01 13 04 41 07.97
0   -903.64356  -5573.51947  -4436.36317  -2.5580966  -4.1550935   5.7479581 2026 01 13 04 41 17.97
0   -929.20592  -5614.75289  -4378.64539  -2.5543040  -4.0915051   5.7954769 2026 01 13 04 41 27.97
0   -954.72852  -5655.34823  -4320.45552  -2.5501442  -4.0274797   5.8423748 2026 01 13 04 41 37.97
0   -980.20768  -5695.30116  -4261.79980  -2.5456170  -3.9630248   5.8886464 2026 01 13 04 41 47.97
0  -1005.63974  -5734.60743  -4202.68452  -2.5407222  -3.8981478   5.9342866 2026 01 13 04 41 57.97
0  -1031.02101  -5773.26284  -4143.11601  -2.5354596  -3.8328560   5.9792906 2026 01 13 04 42 07.97
0  -1056.34781  -5811.26330  -4083.10067  -2.5298292  -3.7671569   6.0236532 2026 01 13 04 42 17.97
0  -1081.61647  -5848.60475  -4022.64493  -2.5238310  -3.7010580   6.0673696 2026 01 13 04 42 27.97
0  -1106.82331  -5885.28325  -3961.75527  -2.5174650  -3.6345670   6.1104349 2026 01 13 04 42 37.97
0  -1131.96465  -5921.29491  -3900.43824  -2.5107313  -3.5676914   6.1528444 2026 01 13 04 42 47.97
0  -1157.03682  -5956.63593  -3838.70042  -2.5036300  -3.5004389   6.1945933 2026 01 13 04 42 57.97
0  -1182.03613  -5991.30256  -3776.54842  -2.4961612  -3.4328173   6.2356772 2026 01 13 04 43 07.97
0  -1206.95892  -6025.29117  -3713.98893  -2.4883253  -3.3648342   6.2760913 2026 01 13 04 43 17.97
0  -1231.80152  -6058.59817  -3651.02867  -2.4801225  -3.2964974   6.3158312 2026 01 13 04 43 27.97
0  -1256.56026  -6091.22006  -3587.67440  -2.4715530  -3.2278148   6.3548926 2026 01 13 04 43 37.97
0  -1281.23147  -6123.15344  -3523.93293  -2.4626175  -3.1587943   6.3932710 2026 01 13 04 43 47.97
0  -1305.81150  -6154.39495  -3459.81110  -2.4533161  -3.0894438   6.4309622 2026 01 13 04 43 57.97
0  -1330.29669  -6184.94134  -3395.31582  -2.4436495  -3.0197711   6.4679620 2026 01 13 04 44 07.97
0  -1354.68338  -6214.78942  -3330.45402  -2.4336182  -2.9497844   6.5042662 2026 01 13 04 44 17.97
0  -1378.96795  -6243.93610  -3265.23266  -2.4232228  -2.8794916   6.5398710 2026 01 13 04 44 27.97
0  -1403.14674  -6272.37836  -3199.65878  -2.4124638  -2.8089008   6.5747722 2026 01 13 04 44 37.97
0  -1427.21613  -6300.11325  -3133.73941  -2.4013421  -2.7380201   6.6089659 2026 01 13 04 44 47.97
0  -1451.17249  -6327.13791  -3067.48167  -2.3898584  -2.6668576   6.6424484 2026 01 13 04 44 57.97
0  -1475.01220  -6353.44958  -3000.89266  -2.3780134  -2.5954215   6.6752160 2026 01 13 04 45 07.97
0  -1498.73167  -6379.04555  -2933.97958  -2.3658081  -2.5237199   6.7072649 2026 01 13 04 45 17.97
0  -1522.32728  -6403.92321  -2866.74961  -2.3532433  -2.4517611   6.7385915 2026 01 13 04 45 27.97
0  -1545.79545  -6428.08004  -2799.21000  -2.3403199  -2.3795534   6.7691925 2026 01 13 04 45 37.97
0  -1569.13260  -6451.51357  -2731.36803  -2.3270391  -2.3071050   6.7990642 2026 01 13 04 45 47.97
0  -1592.33516  -6474.22145  -2663.23100  -2.3134017  -2.2344243   6.8282035 2026 01 13 04 45 57.97
0  -1615.39957  -6496.20140  -2594.80625  -2.2994091  -2.1615195   6.8566069 2026 01 13 04 46 07.97
0  -1638.32228  -6517.45122  -2526.10116  -2.2850622  -2.0883991   6.8842714 2026 01 13 04 46 17.97
0  -1661.09976  -6537.96878  -2457.12313  -2.2703624  -2.0150714   6.9111939 2026 01 13 04 46 27.97
0  -1683.72848  -6557.75207  -2387.87960  -2.2553109  -1.9415448   6.9373712 2026 01 13 04 46 37.97
0  -1706.20493  -6576.79913  -2318.37804  -2.2399090  -1.8678278   6.9628004 2026 01 13 04 46 47.97
0  -1728.52562  -6595.10811  -2248.62593  -2.2241581  -1.7939288   6.9874787 2026 01 13 04 46 57.97
0  -1750.68705  -6612.67722  -2178.63081  -2.2080595  -1.7198564   7.0114034 2026 01 13 04 47 07.97
0  -1772.68577  -6629.50477  -2108.40022  -2.1916149  -1.6456189   7.0345716 2026 01 13 04 47 17.97
0  -1794.51832  -6645.58916  -2037.94175  -2.1748256  -1.5712250   7.0569808 2026 01 13 04 47 27.97
0  -1816.18126  -6660.92886  -1967.26298  -2.1576932  -1.4966831   7.0786285 2026 01 13 04 47 37.97
0  -1837.67117  -6675.52244  -1896.37156  -2.1402195  -1.4220018   7.0995122 2026 01 13 04 47 47.97
0  -1858.98465  -6689.36855  -1825.27513  -2.1224060  -1.3471897   7.1196295 2026 01 13 04 47 57.97
0  -1880.11829  -6702.46591  -1753.98136  -2.1042545  -1.2722554   7.1389782 2026 01 13 04 48 07.97
0  -1901.06874  -6714.81336  -1682.49797  -2.0857667  -1.1972073   7.1575560 2026 01 13 04 48 17.97
0  -1921.83264  -6726.40979  -1610.83265  -2.0669445  -1.1220542   7.1753610 2026 01 13 04 48 27.97
0  -1942.40665  -6737.25420  -1538.99316  -2.0477897  -1.0468047   7.1923909 2026 01 13 04 48 37.97
0  -1962.78746  -6747.34567  -1466.98726  -2.0283043  -0.9714674   7.2086439 2026 01 13 04 48 47.97
0  -1982.97177  -6756.68336  -1394.82271  -2.0084902  -0.8960509   7.2241182 2026 01 13 04 48 57.97
0  -2002.95630  -6765.26653  -1322.50733  -1.9883495  -0.8205638   7.2388119 2026 01 13 04 49 07.97
0  -2022.73780  -6773.09451  -1250.04891  -1.9678842  -0.7450149   7.2527235 2026 01 13 04 49 17.97
0  -2042.31304  -6780.16673  -1177.45530  -1.9470964  -0.6694127   7.2658512 2026 01 13 04 49 27.97
0  -2061.67879  -6786.48269  -1104.73433  -1.9259883  -0.5937660   7.2781937 2026 01 13 04 49 37.97
0  -2080.83188  -6792.04200  -1031.89388  -1.9045622  -0.5180834   7.2897494 2026 01 13 04 49 47.97
0  -2099.76911  -6796.84434   -958.94180  -1.8828202  -0.4423735   7.3005171 2026 01 13 04 49 57.97
0  -2118.48736  -6800.88948   -885.88599  -1.8607647  -0.3666451   7.3104955 2026 01 13 04 50 07.97
0  -2136.98350  -6804.17727   -812.73435  -1.8383981  -0.2909068   7.3196834 2026 01 13 04 50 17.97
0  -2155.25443  -6806.70767   -739.49479  -1.8157227  -0.2151672   7.3280798 2026 01 13 04 50 27.97
0  -2173.29707  -6808.48071   -666.17522  -1.7927410  -0.1394351   7.3356837 2026 01 13 04 50 37.97
0  -2191.10837  -6809.49649   -592.78358  -1.7694556  -0.0637191   7.3424943 2026 01 13 04 50 47.97
0  -2208.68531  -6809.75523   -519.32781  -1.7458688   0.0119721   7.3485106 2026 01 13 04 50 57.97
0  -2226.02488  -6809.25722   -445.81584  -1.7219835   0.0876300   7.3537321 2026 01 13 04 51 07.97
0  -2243.12412  -6808.00283   -372.25564  -1.6978021   0.1632457   7.3581580 2026 01 13 04 51 17.97
0  -2259.98008  -6805.99253   -298.65516  -1.6733273   0.2388107   7.3617879 2026 01 13 04 51 27.97
0  -2276.58983  -6803.22687   -225.02236  -1.6485620   0.3143164   7.3646212 2026 01 13 04 51 37.97
0  -2292.95049  -6799.70648   -151.36521  -1.6235088   0.3897542   7.3666577 2026 01 13 04 51 47.97
0  -2309.05919  -6795.43209    -77.69168  -1.5981706   0.4651153   7.3678971 2026 01 13 04 51 57.97
0  -2324.91310  -6790.40451     -4.00974  -1.5725503   0.5403913   7.3683392 2026 01 13 04 52 07.97
0  -2340.50940  -6784.62463     69.67263  -1.5466506   0.6155735   7.3679839 2026 01 13 04 52 17.97
0  -2355.84532  -6778.09343    143.34746  -1.5204747   0.6906533   7.3668311 2026 01 13 04 52 27.97
0  -2370.91812  -6770.81197    217.00678  -1.4940255   0.7656222   7.3648811 2026 01 13 04 52 37.97
0  -2385.72506  -6762.78142    290.64261  -1.4673059   0.8404717   7.3621339 2026 01 13 04 52 47.97
0  -2400.26348  -6754.00300    364.24698  -1.4403192   0.9151932   7.3585899 2026 01 13 04 52 57.97
0  -2414.53070  -6744.47805    437.81193  -1.4130684   0.9897782   7.3542494 2026 01 13 04 53 07.97
0  -2428.52411  -6734.20796    511.32950  -1.3855567   1.0642182   7.3491128 2026 01 13 04 53 17.97
0  -2442.24111  -6723.19423    584.79172  -1.3577872   1.1385047   7.3431807 2026 01 13 04 53 27.97
0  -2455.67913  -6711.43843    658.19065  -1.3297632   1.2126294   7.3364536 2026 01 13 04 53 37.97
0  -2468.83566  -6698.94223    731.51833  -1.3014881   1.2865837   7.3289324 2026 01 13 04 53 47.97
0  -2481.70820  -6685.70738    804.76684  -1.2729650   1.3603592   7.3206179 2026 01 13 04 53 57.97
0  -2494.29428  -6671.73569    877.92823  -1.2441975   1.4339477   7.3115108 2026 01 13 04 54 07.97
0  -2506.59148  -6657.02909    950.99460  -1.2151888   1.5073407   7.3016122 2026 01 13 04 54 17.97
0  -2518.59739  -6641.58957   1023.95803  -1.1859425   1.5805299   7.2909232 2026 01 13 04 54 27.97
0  -2530.30967  -6625.41921   1096.81062  -1.1564619   1.6535070   7.2794449 2026 01 13 04 54 37.97
0  -2541.72599  -6608.52018   1169.54448  -1.1267507   1.7262637   7.2671785 2026 01 13 04 54 47.97
0  -2552.84406  -6590.89471   1242.15175  -1.0968123   1.7987919   7.2541255 2026 01 13 04 54 57.97
0  -2563.66162  -6572.54513   1314.62456  -1.0666504   1.8710832   7.2402872 2026 01 13 04 55 07.97
0  -2574.17646  -6553.47386   1386.95507  -1.0362685   1.9431295   7.2256651 2026 01 13 04 55 17.97
0  -2584.38639  -6533.68339   1459.13544  -1.0056704   2.0149227   7.2102608 2026 01 13 04 55 27.97
0  -2594.28928  -6513.17628   1531.15786  -0.9748598   2.0864546   7.1940760 2026 01 13 04 55 37.97
0  -2603.88302  -6491.95519   1603.01455  -0.9438403   2.1577171   7.1771126 2026 01 13 04 55 47.97
0  -2613.16553  -6470.02285   1674.69771  -0.9126157   2.2287023   7.1593722 2026 01 13 04 55 57.97
0  -2622.13478  -6447.38208   1746.19959  -0.8811899   2.2994022   7.1408570 2026 01 13 04 56 07.97
0  -2630.78879  -6424.03577   1817.51245  -0.8495666   2.3698086   7.1215689 2026 01 13 04 56 17.97
0  -2639.12559  -6399.98689   1888.62858  -0.8177498   2.4399138   7.1015100 2026 01 13 04 56 27.97
0  -2647.14327  -6375.23850   1959.54027  -0.7857433   2.5097099   7.0806826 2026 01 13 04 56 37.97
0  -2654.83996  -6349.79373   2030.23985  -0.7535510   2.5791889   7.0590889 2026 01 13 04 56 47.97
0  -2662.21380  -6323.65578   2100.71968  -0.7211770   2.6483431   7.0367313 2026 01 13 04 56 57.97
0  -2669.26302  -6296.82795   2170.97212  -0.6886252   2.7171647   7.0136122 2026 01 13 04 57 07.97
0  -2675.98584  -6269.31359   2240.98957  -0.6558996   2.7856460   6.9897343 2026 01 13 04 57 17.97
0  -2682.38056  -6241.11616   2310.76446  -0.6230043   2.8537793   6.9651002 2026 01 13 04 57 27.97
0  -2688.44549  -6212.23916   2380.28923  -0.5899433   2.9215570   6.9397125 2026 01 13 04 57 37.97
0  -2694.17900  -6182.68619   2449.55638  -0.5567209   2.9889715   6.9135741 2026 01 13 04 57 47.97
0  -2699.57950  -6152.46092   2518.55839  -0.5233410   3.0560153   6.8866878 2026 01 13 04 57 57.97
0  -2704.64542  -6121.56710   2587.28782  -0.4898080   3.1226808   6.8590566 2026 01 13 04 58 07.97
0  -2709.37527  -6090.00855   2655.73722  -0.4561259   3.1889607   6.8306835 2026 01 13 04 58 17.97
0  -2713.76756  -6057.78915   2723.89919  -0.4222990   3.2548475   6.8015718 2026 01 13 04 58 27.97
0  -2717.82088  -6024.91288   2791.76636  -0.3883315   3.3203340   6.7717245 2026 01 13 04 58 37.97
0  -2721.53384  -5991.38378   2859.33140  -0.3542277   3.3854127   6.7411450 2026 01 13 04 58 47.97
0  -2724.90510  -5957.20595   2926.58699  -0.3199920   3.4500765   6.7098366 2026 01 13 04 58 57.97
0  -2727.93336  -5922.38360   2993.52587  -0.2856285   3.5143183   6.6778028 2026 01 13 04 59 07.97
0  -2730.61736  -5886.92096   3060.14080  -0.2511417   3.5781307   6.6450472 2026 01 13 04 59 17.97
0  -2732.95590  -5850.82237   3126.42458  -0.2165359   3.6415069   6.6115733 2026 01 13 04 59 27.97
0  -2734.94780  -5814.09224   3192.37004  -0.1818156   3.7044398   6.5773849 2026 01 13 04 59 37.97
0  -2736.59194  -5776.73501   3257.97006  -0.1469850   3.7669224   6.5424857 2026 01 13 04 59 47.97
0  -2737.88725  -5738.75524   3323.21754  -0.1120487   3.8289478   6.5068795 2026 01 13 04 59 57.97
0  -2738.83267  -5700.15753   3388.10545  -0.0770112   3.8905092   6.4705703 2026 01 13 05 00 07.97
0  -2739.42724  -5660.94656   3452.62676  -0.0418767   3.9515998   6.4335620 2026 01 13 05 00 17.97
0  -2739.66999  -5621.12706   3516.77451  -0.0066500   4.0122128   6.3958589 2026 01 13 05 00 27.97
0  -2739.56004  -5580.70384   3580.54177   0.0286646   4.0723417   6.3574649 2026 01 13 05 00 37.97
0  -2739.09651  -5539.68178   3643.92166   0.0640625   4.1319797   6.3183844 2026 01 13 05 00 47.97
0  -2738.27861  -5498.06583   3706.90732   0.0995391   4.1911204   6.2786216 2026 01 13 05 00 57.97
0  -2737.10557  -5455.86097   3769.49196   0.1350900   4.2497573   6.2381810 2026 01 13 05 01 07.97
0  -2735.57667  -5413.07230   3831.66883   0.1707104   4.3078839   6.1970669 2026 01 13 05 01 17.97
0  -2733.69123  -5369.70494   3893.43120   0.2063959   4.3654939   6.1552839 2026 01 13 05 01 27.97
0  -2731.44863  -5325.76408   3954.77242   0.2421418   4.4225811   6.1128366 2026 01 13 05 01 37.97
0  -2728.84829  -5281.25499   4015.68585   0.2779434   4.4791391   6.0697297 2026 01 13 05 01 47.97
0  -2725.88967  -5236.18300   4076.16495   0.3137963   4.5351619   6.0259679 2026 01 13 05 01 57.97
0  -2722.57229  -5190.55347   4136.20316   0.3496956   4.5906434   5.9815560 2026 01 13 05 02 07.97
0  -2718.89570  -5144.37186   4195.79403   0.3856367   4.6455775   5.9364990 2026 01 13 05 02 17.97
0  -2714.85951  -5097.64368   4254.93112   0.4216150   4.6999583   5.8908016 2026 01 13 05 02 27.97
0  -2710.46337  -5050.37447   4313.60805   0.4576258   4.7537800   5.8444691 2026 01 13 05 02 37.97
0  -2705.70697  -5002.56987   4371.81851   0.4936644   4.8070366   5.7975064 2026 01 13 05 02 47.97
0  -2700.59008  -4954.23555   4429.55620   0.5297260   4.8597225   5.7499188 2026 01 13 05 02 57.97
0  -2695.11247  -4905.37725   4486.81492   0.5658060   4.9118319   5.7017114 2026 01 13 05 03 07.97
0  -2689.27398  -4856.00076   4543.58848   0.6018995   4.9633594   5.6528895 2026 01 13 05 03 17.97
0  -2683.07451  -4806.11193   4599.87078   0.6380020   5.0142993   5.6034586 2026 01 13 05 03 27.97
0  -2676.51400  -4755.71666   4655.65573   0.6741086   5.0646462   5.5534239 2026 01 13 05 03 37.97
0  -2669.59241  -4704.82090   4710.93735   0.7102146   5.1143948   5.5027910 2026 01 13 05 03 47.97
0  -2662.30979  -4653.43068   4765.70967   0.7463152   5.1635397   5.4515655 2026 01 13 05 03 57.97
0  -2654.66621  -4601.55205   4819.96679   0.7824057   5.2120756   5.3997530 2026 01 13 05 04 07.97
0  -2646.66179  -4549.19112   4873.70287   0.8184813   5.2599975   5.3473591 2026 01 13 05 04 17.97
0  -2638.29671  -4496.35407   4926.91213   0.8545372   5.3073002   5.2943895 2026 01 13 05 04 27.97
0  -2629.57119  -4443.04710   4979.58884   0.8905687   5.3539787   5.2408502 2026 01 13 05 04 37.97
0  -2620.48549  -4389.27649   5031.72733   0.9265709   5.4000282   5.1867468 2026 01 13 05 04 47.97
0  -2611.03994  -4335.04856   5083.32199   0.9625391   5.4454437   5.1320854 2026 01 13 05 04 57.97
0  -2601.23490  -4280.36965   5134.36727   0.9984686   5.4902204   5.0768719 2026 01 13 05 05 07.97
0  -2591.07077  -4225.24620   5184.85768   1.0343544   5.5343538   5.0211124 2026 01 13 05 05 17.97
0  -2580.54802  -4169.68465   5234.78778   1.0701919   5.5778390   4.9648129 2026 01 13 05 05 27.97
0  -2569.66716  -4113.69150   5284.15222   1.1059762   5.6206717   4.9079796 2026 01 13 05 05 37.97
0  -2558.42875  -4057.27331   5332.94568   1.1417026   5.6628473   4.8506187 2026 01 13 05 05 47.97
0  -2546.83337  -4000.43667   5381.16291   1.1773662   5.7043615   4.7927365 2026 01 13 05 05 57.97
0  -2534.88170  -3943.18821   5428.79875   1.2129623   5.7452100   4.7343392 2026 01 13 05 06 07.97
0  -2522.57442  -3885.53461   5475.84806   1.2484862   5.7853884   4.6754332 2026 01 13 05 06 17.97
0  -2509.91228  -3827.48260   5522.30579   1.2839329   5.8248927   4.6160250 2026 01 13 05 06 27.97
0  -2496.89608  -3769.03893   5568.16695   1.3192978   5.8637189   4.5561210 2026 01 13 05 06 37.97
0  -2483.52666  -3710.21040   5613.42663   1.3545760   5.9018629   4.4957278 2026 01 13 05 06 47.97
0  -2469.80491  -3651.00387   5658.07995   1.3897629   5.9393208   4.4348519 2026 01 13 05 06 57.97
0  -2455.73177  -3591.42620   5702.12212   1.4248536   5.9760888   4.3734999 2026 01 13 05 07 07.97
0  -2441.30822  -3531.48432   5745.54842   1.4598434   6.0121633   4.3116786 2026 01 13 05 07 17.97
0  -2426.53530  -3471.18517   5788.35419   1.4947276   6.0475404   4.2493945 2026 01 13 05 07 27.97
0  -2411.41408  -3410.53576   5830.53483   1.5295013   6.0822168   4.1866546 2026 01 13 05 07 37.97
0  -2395.94570  -3349.54310   5872.08582   1.5641599   6.1161887   4.1234657 2026 01 13 05 07 47.97
0  -2380.13133  -3288.21426   5913.00270   1.5986986   6.1494530   4.0598345 2026 01 13 05 07 57.97
0  -2363.97218  -3226.55633   5953.28109   1.6331128   6.1820062   3.9957680 2026 01 13 05 08 07.97
0  -2347.46954  -3164.57644   5992.91667   1.6673976   6.2138452   3.9312732 2026 01 13 05 08 17.97
0  -2330.62472  -3102.28174   6031.90518   1.7015485   6.2449666   3.8663570 2026 01 13 05 08 27.97
0  -2313.43907  -3039.67943   6070.24245   1.7355607   6.2753676   3.8010264 2026 01 13 05 08 37.97
0  -2295.91402  -2976.77673   6107.92438   1.7694295   6.3050452   3.7352887 2026 01 13 05 08 47.97
0  -2278.05101  -2913.58088   6144.94692   1.8031504   6.3339963   3.6691508 2026 01 13 05 08 57.97
0  -2259.85155  -2850.09916   6181.30611   1.8367186   6.3622182   3.6026200 2026 01 13 05 09 07.97
0  -2241.31720  -2786.33888   6216.99805   1.8701294   6.3897083   3.5357034 2026 01 13 05 09 17.97
0  -2222.44954  -2722.30737   6252.01894   1.9033784   6.4164638   3.4684083 2026 01 13 05 09 27.97
0  -2203.25022  -2658.01199   6286.36500   1.9364608   6.4424821   3.4007420 2026 01 13 05 09 37.97
0  -2183.72093  -2593.46013   6320.03258   1.9693721   6.4677609   3.3327118 2026 01 13 05 09 47.97
0  -2163.86339  -2528.65918   6353.01807   2.0021077   6.4922978   3.2643250 2026 01 13 05 09 57.97
0  -2143.67940  -2463.61659   6385.31794   2.0346630   6.5160903   3.1955891 2026 01 13 05 10 07.97
0  -2123.17078  -2398.33980   6416.92873   2.0670335   6.5391365   3.1265114 2026 01 13 05 10 17.97
0  -2102.33939  -2332.83629   6447.84706   2.0992147   6.5614340   3.0570995 2026 01 13 05 10 27.97
0  -2081.18716  -2267.11356   6478.06964   2.1312020   6.5829809   2.9873607 2026 01 13 05 10 37.97
0  -2059.71604  -2201.17912   6507.59323   2.1629909   6.6037753   2.9173027 2026 01 13 05 10 47.97
0  -2037.92805  -2135.04051   6536.41467   2.1945771   6.6238152   2.8469330 2026 01 13 05 10 57.97
0  -2015.82522  -2068.70528   6564.53088   2.2259559   6.6430989   2.7762591 2026 01 13 05 11 07.97
0  -1993.40966  -2002.18100   6591.93887   2.2571231   6.6616247   2.7052888 2026 01 13 05 11 17.97
0  -1970.68350  -1935.47526   6618.63571   2.2880741   6.6793910   2.6340296 2026 01 13 05 11 27.97
0  -1947.64893  -1868.59566   6644.61854   2.3188046   6.6963964   2.5624892 2026 01 13 05 11 37.97
0  -1924.30818  -1801.54982   6669.88459   2.3493103   6.7126393   2.4906754 2026 01 13 05 11 47.97
0  -1900.66351  -1734.34537   6694.43117   2.3795867   6.7281184   2.4185958 2026 01 13 05 11 57.97
0  -1876.71725  -1666.98996   6718.25565   2.4096296   6.7428325   2.3462583 2026 01 13 05 12 07.97
0  -1852.47174  -1599.49123   6741.35551   2.4394346   6.7567804   2.2736705 2026 01 13 05 12 17.97
0  -1827.92938  -1531.85686   6763.72826   2.4689974   6.7699611   2.2008404 2026 01 13 05 12 27.97
0  -1803.09263  -1464.09452   6785.37154   2.4983139   6.7823735   2.1277756 2026 01 13 05 12 37.97
0  -1777.96396  -1396.21191   6806.28303   2.5273798   6.7940168   2.0544842 2026 01 13 05 12 47.97
0  -1752.54590  -1328.21671   6826.46050   2.5561909   6.8048901   1.9809740 2026 01 13 05 12 57.97
0  -1726.84102  -1260.11664   6845.90181   2.5847430   6.8149927   1.9072528 2026 01 13 05 13 07.97
0  -1700.85193  -1191.91939   6864.60488   2.6130319   6.8243240   1.8333286 2026 01 13 05 13 17.97
0  -1674.58128  -1123.63269   6882.56774   2.6410536   6.8328834   1.7592093 2026 01 13 05 13 27.97
0  -1648.03178  -1055.26426   6899.78845   2.6688040   6.8406704   1.6849029 2026 01 13 05 13 37.97
0  -1621.20614   -986.82182   6916.26520   2.6962789   6.8476848   1.6104173 2026 01 13 05 13 47.97
0  -1594.10714   -918.31310   6931.99623   2.7234744   6.8539261   1.5357606 2026 01 13 05 13 57.97
0  -1566.73760   -849.74584   6946.97987   2.7503864   6.8593943   1.4609408 2026 01 13 05 14 07.97
0  -1539.10038   -781.12776   6961.21454   2.7770110   6.8640891   1.3859658 2026 01 13 05 14 17.97
0  -1511.19836   -712.46660   6974.69870   2.8033442   6.8680106   1.3108438 2026 01 13 05 14 27.97
0  -1483.03449   -643.77009   6987.43095   2.8293822   6.8711588   1.2355827 2026 01 13 05 14 37.97
0  -1454.61172   -575.04597   6999.40993   2.8551209   6.8735338   1.1601907 2026 01 13 05 14 47.97
0  -1425.93308   -506.30196   7010.63436   2.8805566   6.8751359   1.0846758 2026 01 13 05 14 57.97
0  -1397.00162   -437.54579   7021.10306   2.9056855   6.8759655   1.0090461 2026 01 13 05 15 07.97
0  -1367.82041   -368.78519   7030.81493   2.9305037   6.8760228   0.9333097 2026 01 13 05 15 17.97
0  -1338.39260   -300.02788   7039.76893   2.9550076   6.8753085   0.8574747 2026 01 13 05 15 27.97
0  -1308.72133   -231.28156   7047.96412   2.9791933   6.8738231   0.7815493 2026 01 13 05 15 37.97
0  -1278.80980   -162.55396   7055.39964   3.0030573   6.8715672   0.7055415 2026 01 13 05 15 47.97
0  -1248.66126    -93.85276   7062.07471   3.0265958   6.8685416   0.6294596 2026 01 13 05 15 57.97
0  -1218.27898    -25.18566   7067.98862   3.0498053   6.8647472   0.5533116 2026 01 13 05 16 07.97
0  -1187.66627     43.43965   7073.14075   3.0726821   6.8601848   0.4771057 2026 01 13 05 16 17.97
0  -1156.82646    112.01550   7077.53057   3.0952228   6.8548556   0.4008500 2026 01 13 05 16 27.97
0  -1125.76294    180.53423   7081.15761   3.1174238   6.8487604   0.3245528 2026 01 13 05 16 37.97
0  -1094.47912    248.98819   7084.02151   3.1392816   6.8419007   0.2482221 2026 01 13 05 16 47.97
0  -1062.97845    317.36972   7086.12197   3.1607929   6.8342775   0.1718662 2026 01 13 05 16 57.97
0  -1031.26442    385.67122   7087.45878   3.1819542   6.8258923   0.0954932 2026 01 13 05 17 07.97
0   -999.34054    453.88506   7088.03181   3.2027622   6.8167465   0.0191113 2026 01 13 05 17 17.97
0   -967.21036    522.00364   7087.84100   3.2232136   6.8068417  -0.0572714 2026 01 13 05 17 27.97
0   -934.87746    590.01939   7086.88640   3.2433051   6.7961793  -0.1336467 2026 01 13 05 17 37.97
0   -902.34545    657.92473   7085.16812   3.2630334   6.7847612  -0.2100064 2026 01 13 05 17 47.97
0   -869.61799    725.71212   7082.68635   3.2823955   6.7725890  -0.2863423 2026 01 13 05 17 57.97
0   -836.69876    793.37402   7079.44138   3.3013880   6.7596646  -0.3626464 2026 01 13 05 18 07.97
0   -803.59146    860.90293   7075.43356   3.3200080   6.7459900  -0.4389103 2026 01 13 05 18 17.97
0   -770.29984    928.29135   7070.66333   3.3382523   6.7315672  -0.5151261 2026 01 13 05 18 27.97
0   -736.82766    995.53180   7065.13122   3.3561180   6.7163983  -0.5912855 2026 01 13 05 18 37.97
0   -703.17873   1062.61685   7058.83783   3.3736019   6.7004854  -0.6673804 2026 01 13 05 18 47.97
0   -669.35688   1129.53906   7051.78385   3.3907013   6.6838308  -0.7434026 2026 01 13 05 18 57.97
0   -635.36597   1196.29102   7043.97004   3.4074132   6.6664370  -0.8193441 2026 01 13 05 19 07.97
0   -601.20990   1262.86536   7035.39726   3.4237347   6.6483062  -0.8951966 2026 01 13 05 19 17.97
0   -566.89257   1329.25471   7026.06643   3.4396631   6.6294411  -0.9709522 2026 01 13 05 19 27.97
0   -532.41793   1395.45176   7015.97856   3.4551956   6.6098442  -1.0466027 2026 01 13 05 19 37.97
0   -497.78996   1461.44918   7005.13474   3.4703294   6.5895181  -1.1221400 2026 01 13 05 19 47.97
0   -463.01265   1527.23971   6993.53615   3.4850619   6.5684657  -1.1975560 2026 01 13 05 19 57.97
0   -428.09004   1592.81610   6981.18404   3.4993905   6.5466897  -1.2728427 2026 01 13 05 20 07.97
0   -393.02617   1658.17112   6968.07974   3.5133126   6.5241931  -1.3479920 2026 01 13 05 20 17.97
0   -357.82512   1723.29758   6954.22467   3.5268256   6.5009789  -1.4229959 2026 01 13 05 20 27.97
0   -322.49100   1788.18833   6939.62032   3.5399272   6.4770501  -1.4978464 2026 01 13 05 20 37.97
0   -287.02792   1852.83623   6924.26827   3.5526147   6.4524099  -1.5725354 2026 01 13 05 20 47.97
0   -251.44006   1917.23418   6908.17016   3.5648859   6.4270616  -1.6470550 2026 01 13 05 20 57.97
0   -215.73157   1981.37512   6891.32774   3.5767384   6.4010083  -1.7213971 2026 01 13 05 21 07.97
0   -179.90666   2045.25202   6873.74282   3.5881699   6.3742535  -1.7955540 2026 01 13 05 21 17.97
0   -143.96955   2108.85787   6855.41729   3.5991782   6.3468006  -1.8695175 2026 01 13 05 21 27.97
0   -107.92447   2172.18572   6836.35312   3.6097611   6.3186533  -1.9432798 2026 01 13 05 21 37.97
0    -71.77571   2235.22864   6816.55237   3.6199164   6.2898150  -2.0168330 2026 01 13 05 21 47.97
0    -35.52754   2297.97974   6796.01716   3.6296420   6.2602896  -2.0901692 2026 01 13 05 21 57.97
0      0.81573   2360.43216   6774.74970   3.6389359   6.2300806  -2.1632806 2026 01 13 05 22 07.97
0     37.24977   2422.57910   6752.75229   3.6477962   6.1991921  -2.2361593 2026 01 13 05 22 17.97
0     73.77024   2484.41376   6730.02729   3.6562208   6.1676278  -2.3087976 2026 01 13 05 22 27.97
0    110.37277   2545.92942   6706.57714   3.6642078   6.1353918  -2.3811876 2026 01 13 05 22 37.97
0    147.05297   2607.11937   6682.40436   3.6717556   6.1024881  -2.4533216 2026 01 13 05 22 47.97
0    183.80645   2667.97697   6657.51155   3.6788621   6.0689209  -2.5251919 2026 01 13 05 22 57.97
0    220.62878   2728.49560   6631.90139   3.6855258   6.0346944  -2.5967908 2026 01 13 05 23 07.97
0    257.51553   2788.66868   6605.57663   3.6917449   5.9998128  -2.6681105 2026 01 13 05 23 17.97
0    294.46224   2848.48969   6578.54010   3.6975179   5.9642806  -2.7391435 2026 01 13 05 23 27.97
0    331.46444   2907.95213   6550.79470   3.7028430   5.9281020  -2.8098821 2026 01 13 05 23 37.97
0    368.51765   2967.04958   6522.34342   3.7077189   5.8912816  -2.8803188 2026 01 13 05 23 47.97
0    405.61736   3025.77564   6493.18931   3.7121441   5.8538240  -2.9504459 2026 01 13 05 23 57.97
0    442.75907   3084.12395   6463.33551   3.7161171   5.8157338  -3.0202561 2026 01 13 05 24 07.97
0    479.93824   3142.08822   6432.78522   3.7196365   5.7770157  -3.0897417 2026 01 13 05 24 17.97
0    517.15033   3199.66218   6401.54174   3.7227012   5.7376744  -3.1588953 2026 01 13 05 24 27.97
0    554.39079   3256.83964   6369.60840   3.7253098   5.6977148  -3.2277094 2026 01 13 05 24 37.97
0    591.65505   3313.61442   6336.98865   3.7274611   5.6571419  -3.2961768 2026 01 13 05 24 47.97
0    628.93853   3369.98043   6303.68599   3.7291540   5.6159605  -3.3642900 2026 01 13 05 24 57.97
0    666.23665   3425.93161   6269.70400   3.7303875   5.5741757  -3.4320418 2026 01 13 05 25 07.97
0    703.54480   3481.46194   6235.04632   3.7311605   5.5317926  -3.4994248 2026 01 13 05 25 17.97
0    740.85837   3536.56547   6199.71669   3.7314720   5.4888164  -3.5664317 2026 01 13 05 25 27.97
0    778.17274   3591.23629   6163.71890   3.7313211   5.4452524  -3.6330555 2026 01 13 05 25 37.97
0    815.48329   3645.46856   6127.05682   3.7307069   5.4011057  -3.6992889 2026 01 13 05 25 47.97
0    852.78538   3699.25646   6089.73439   3.7296288   5.3563818  -3.7651248 2026 01 13 05 25 57.97
0    890.07437   3752.59426   6051.75561   3.7280859   5.3110861  -3.8305561 2026 01 13 05 26 07.97
0    927.34560   3805.47627   6013.12457   3.7260775   5.2652241  -3.8955758 2026 01 13 05 26 17.97
0    964.59441   3857.89685   5973.84541   3.7236030   5.2188014  -3.9601769 2026 01 13 05 26 27.97
0   1001.81615   3909.85042   5933.92237   3.7206619   5.1718234  -4.0243523 2026 01 13 05 26 37.97
0   1039.00614   3961.33146   5893.35974   3.7172536   5.1242960  -4.0880953 2026 01 13 05 26 47.97
0   1076.15971   4012.33450   5852.16186   3.7133777   5.0762249  -4.1513989 2026 01 13 05 26 57.97
0   1113.27218   4062.85413   5810.33317   3.7090338   5.0276158  -4.2142563 2026 01 13 05 27 07.97
0   1150.33887   4112.88500   5767.87816   3.7042216   4.9784745  -4.2766607 2026 01 13 05 27 17.97
0   1187.35509   4162.42183   5724.80141   3.6989407   4.9288071  -4.3386054 2026 01 13 05 27 27.97
0   1224.31617   4211.45937   5681.10753   3.6931910   4.8786194  -4.4000838 2026 01 13 05 27 37.97
0   1261.21739   4259.99246   5636.80122   3.6869723   4.8279175  -4.4610891 2026 01 13 05 27 47.97
0   1298.05409   4308.01598   5591.88726   3.6802845   4.7767075  -4.5216148 2026 01 13 05 27 57.97
0   1334.82156   4355.52489   5546.37046   3.6731276   4.7249955  -4.5816544 2026 01 13 05 28 07.97
0   1371.51512   4402.51419   5500.25572   3.6655016   4.6727876  -4.6412014 2026 01 13 05 28 17.97
0   1408.13007   4448.97896   5453.54801   3.6574065   4.6200902  -4.7002493 2026 01 13 05 28 27.97
0   1444.66173   4494.91433   5406.25233   3.6488425   4.5669094  -4.7587917 2026 01 13 05 28 37.97
0   1481.10540   4540.31550   5358.37379   3.6398098   4.5132518  -4.8168224 2026 01 13 05 28 47.97
0   1517.45640   4585.17774   5309.91752   3.6303087   4.4591236  -4.8743350 2026 01 13 05 28 57.97
0   1553.71005   4629.49637   5260.88874   3.6203394   4.4045313  -4.9313234 2026 01 13 05 29 07.97
0   1589.86167   4673.26678   5211.29273   3.6099024   4.3494814  -4.9877814 2026 01 13 05 29 17.97
0   1625.90658   4716.48443   5161.13481   3.5989980   4.2939805  -5.0437028 2026 01 13 05 29 27.97
0   1661.84011   4759.14484   5110.42038   3.5876269   4.2380351  -5.0990816 2026 01 13 05 29 37.97
0   1697.65759   4801.24360   5059.15491   3.5757895   4.1816520  -5.1539118 2026 01 13 05 29 47.97
0   1733.35437   4842.77637   5007.34390   3.5634864   4.1248378  -5.2081875 2026 01 13 05 29 57.97
0   1768.92580   4883.73887   4954.99293   3.5507183   4.0675992  -5.2619028 2026 01 13 05 30 07.97
0   1804.36722   4924.12688   4902.10763   3.5374861   4.0099431  -5.3150518 2026 01 13 05 30 17.97
0   1839.67401   4963.93628   4848.69370   3.5237903   3.9518762  -5.3676289 2026 01 13 05 30 27.97
0   1874.84152   5003.16298   4794.75688   3.5096320   3.8934055  -5.4196283 2026 01 13 05 30 37.97
0   1909.86513   5041.80298   4740.30298   3.4950121   3.8345378  -5.4710443 2026 01 13 05 30 47.97
0   1944.74025   5079.85235   4685.33786   3.4799314   3.7752802  -5.5218714 2026 01 13 05 30 57.97
0   1979.46225   5117.30722   4629.86743   3.4643911   3.7156396  -5.5721041 2026 01 13 05 31 07.97
0   2014.02656   5154.16380   4573.89768   3.4483923   3.6556231  -5.6217369 2026 01 13 05 31 17.97
0   2048.42859   5190.41836   4517.43461   3.4319360   3.5952378  -5.6707644 2026 01 13 05 31 27.97
0   2082.66378   5226.06725   4460.48432   3.4150236   3.5344908  -5.7191813 2026 01 13 05 31 37.97
0   2116.72756   5261.10690   4403.05294   3.3976563   3.4733892  -5.7669824 2026 01 13 05 31 47.97
0   2150.61541   5295.53378   4345.14665   3.3798354   3.4119403  -5.8141624 2026 01 13 05 31 57.97
0   2184.32278   5329.34446   4286.77168   3.3615624   3.3501513  -5.8607162 2026 01 13 05 32 07.97
0   2217.84517   5362.53559   4227.93433   3.3428387   3.2880295  -5.9066388 2026 01 13 05 32 17.97
0   2251.17807   5395.10386   4168.64093   3.3236657   3.2255821  -5.9519252 2026 01 13 05 32 27.97
0   2284.31700   5427.04606   4108.89787   3.3040452   3.1628166  -5.9965704 2026 01 13 05 32 37.97
0   2317.25749   5458.35905   4048.71158   3.2839787   3.0997404  -6.0405696 2026 01 13 05 32 47.97
0   2349.99510   5489.03975   3988.08855   3.2634680   3.0363607  -6.0839180 2026 01 13 05 32 57.97
0   2382.52538   5519.08516   3927.03531   3.2425147   2.9726851  -6.1266109 2026 01 13 05 33 07.97
0   2414.84392   5548.49237   3865.55844   3.2211207   2.9087211  -6.1686436 2026 01 13 05 33 17.97
0   2446.94633   5577.25853   3803.66456   3.1992879   2.8444761  -6.2100116 2026 01 13 05 33 27.97
0   2478.82822   5605.38086   3741.36035   3.1770182   2.7799577  -6.2507103 2026 01 13 05 33 37.97
0   2510.48524   5632.85667   3678.65251   3.1543135   2.7151734  -6.2907354 2026 01 13 05 33 47.97
0   2541.91305   5659.68335   3615.54781   3.1311761   2.6501309  -6.3300824 2026 01 13 05 33 57.97
0   2573.10732   5685.85833   3552.05305   3.1076079   2.5848377  -6.3687471 2026 01 13 05 34 07.97
0   2604.06377   5711.37916   3488.17507   3.0836111   2.5193015  -6.4067253 2026 01 13 05 34 17.97
0   2634.77812   5736.24345   3423.92076   3.0591880   2.4535300  -6.4440128 2026 01 13 05 34 27.97
0   2665.24611   5760.44887   3359.29704   3.0343408   2.3875308  -6.4806056 2026 01 13 05 34 37.97
0   2695.46352   5783.99320   3294.31089   3.0090718   2.3213116  -6.5164996 2026 01 13 05 34 47.97
0   2725.42613   5806.87427   3228.96931   2.9833836   2.2548803  -6.5516911 2026 01 13 05 34 57.97
0   2755.12978   5829.08999   3163.27935   2.9572785   2.1882444  -6.5861760 2026 01 13 05 35 07.97
0   2784.57031   5850.63837   3097.24808   2.9307590   2.1214119  -6.6199508 2026 01 13 05 35 17.97
0   2813.74357   5871.51747   3030.88264   2.9038277   2.0543905  -6.6530116 2026 01 13 05 35 27.97
0   2842.64548   5891.72544   2964.19017   2.8764873   1.9871881  -6.6853550 2026 01 13 05 35 37.97
0   2871.27195   5911.26051   2897.17787   2.8487404   1.9198123  -6.7169773 2026 01 13 05 35 47.97
0   2899.61892   5930.12100   2829.85297   2.8205898   1.8522712  -6.7478751 2026 01 13 05 35 57.97
0   2927.68238   5948.30528   2762.22273   2.7920382   1.7845725  -6.7780451 2026 01 13 05 36 07.97
0   2955.45833   5965.81181   2694.29444   2.7630885   1.7167241  -6.8074839 2026 01 13 05 36 17.97
0   2982.94281   5982.63915   2626.07544   2.7337436   1.6487340  -6.8361884 2026 01 13 05 36 27.97
0   3010.13187   5998.78591   2557.57307   2.7040065   1.5806100  -6.8641555 2026 01 13 05 36 37.97
0   3037.02162   6014.25079   2488.79474   2.6738802   1.5123599  -6.8913820 2026 01 13 05 36 47.97
0   3063.60816   6029.03257   2419.74785   2.6433678   1.4439918  -6.9178651 2026 01 13 05 36 57.97
0   3089.88767   6043.13012   2350.43987   2.6124723   1.3755136  -6.9436018 2026 01 13 05 37 07.97
0   3115.85631   6056.54237   2280.87826   2.5811970   1.3069332  -6.9685893 2026 01 13 05 37 17.97
0   3141.51032   6069.26833   2211.07054   2.5495451   1.2382586  -6.9928249 2026 01 13 05 37 27.97
0   3166.84594   6081.30711   2141.02423   2.5175199   1.1694976  -7.0163060 2026 01 13 05 37 37.97
0   3191.85945   6092.65789   2070.74690   2.4851246   1.1006583  -7.0390301 2026 01 13 05 37 47.97
0   3216.54718   6103.31991   2000.24612   2.4523628   1.0317487  -7.0609946 2026 01 13 05 37 57.97
0   3240.90546   6113.29252   1929.52950   2.4192378   0.9627766  -7.0821971 2026 01 13 05 38 07.97
0   3264.93070   6122.57512   1858.60468   2.3857531   0.8937501  -7.1026355 2026 01 13 05 38 17.97
0   3288.61930   6131.16723   1787.47931   2.3519122   0.8246771  -7.1223073 2026 01 13 05 38 27.97
0   3311.96773   6139.06840   1716.16107   2.3177189   0.7555656  -7.1412106 2026 01 13 05 38 37.97
0   3334.97248   6146.27831   1644.65764   2.2831766   0.6864236  -7.1593433 2026 01 13 05 38 47.97
0   3357.63008   6152.79667   1572.97675   2.2482892   0.6172590  -7.1767033 2026 01 13 05 38 57.97
0   3379.93709   6158.62331   1501.12613   2.2130603   0.5480798  -7.1932888 2026 01 13 05 39 07.97
0   3401.89012   6163.75812   1429.11353   2.1774937   0.4788940  -7.2090981 2026 01 13 05 39 17.97
0   3423.48581   6168.20107   1356.94673   2.1415933   0.4097095  -7.2241294 2026 01 13 05 39 27.97
0   3444.72085   6171.95221   1284.63352   2.1053629   0.3405342  -7.2383810 2026 01 13 05 39 37.97
0   3465.59195   6175.01168   1212.18170   2.0688066   0.2713762  -7.2518516 2026 01 13 05 39 47.97
0   3486.09587   6177.37970   1139.59908   2.0319282   0.2022433  -7.2645395 2026 01 13 05 39 57.97
0   3506.22942   6179.05654   1066.89351   1.9947319   0.1331436  -7.2764434 2026 01 13 05 40 07.97
0   3525.98942   6180.04258    994.07282   1.9572216   0.0640848  -7.2875622 2026 01 13 05 40 17.97
0   3545.37278   6180.33828    921.14487   1.9194015  -0.0049251  -7.2978944 2026 01 13 05 40 27.97
0   3564.37640   6179.94416    848.11754   1.8812758  -0.0738782  -7.3074392 2026 01 13 05 40 37.97
0   3582.99725   6178.86082    774.99871   1.8428487  -0.1427665  -7.3161954 2026 01 13 05 40 47.97
0   3601.23234   6177.08896    701.79626   1.8041244  -0.2115823  -7.3241621 2026 01 13 05 40 57.97
0   3619.07873   6174.62933    628.51809   1.7651073  -0.2803177  -7.3313385 2026 01 13 05 41 07.97
0   3636.53349   6171.48279    555.17212   1.7258016  -0.3489647  -7.3377239 2026 01 13 05 41 17.97
0   3653.59378   6167.65026    481.76625   1.6862119  -0.4175157  -7.3433175 2026 01 13 05 41 27.97
0   3670.25676   6163.13272    408.30841   1.6463424  -0.4859628  -7.3481187 2026 01 13 05 41 37.97
0   3686.51967   6157.93127    334.80652   1.6061976  -0.5542982  -7.3521272 2026 01 13 05 41 47.97
0   3702.37978   6152.04706    261.26851   1.5657822  -0.6225141  -7.3553424 2026 01 13 05 41 57.97
0   3717.83440   6145.48132    187.70232   1.5251006  -0.6906027  -7.3577641 2026 01 13 05 42 07.97
0   3732.88089   6138.23537    114.11588   1.4841574  -0.7585564  -7.3593921 2026 01 13 05 42 17.97
0   3747.51666   6130.31058     40.51713   1.4429572  -0.8263675  -7.3602262 2026 01 13 05 42 27.97
0   3761.73916   6121.70843    -33.08599   1.4015047  -0.8940281  -7.3602663 2026 01 13 05 42 37.97
0   3775.54590   6112.43046   -106.68555   1.3598047  -0.9615308  -7.3595124 2026 01 13 05 42 47.97
0   3788.93442   6102.47829   -180.27359   1.3178618  -1.0288678  -7.3579648 2026 01 13 05 42 57.97
0   3801.90231   6091.85361   -253.84219   1.2756809  -1.0960315  -7.3556237 2026 01 13 05 43 07.97
0   3814.44723   6080.55819   -327.38342   1.2332668  -1.1630144  -7.3524892 2026 01 13 05 43 17.97
0   3826.56686   6068.59388   -400.88933   1.1906242  -1.2298088  -7.3485618 2026 01 13 05 43 27.97
0   3838.25895   6055.96260   -474.35201   1.1477582  -1.2964073  -7.3438420 2026 01 13 05 43 37.97
0   3849.52128   6042.66634   -547.76352   1.1046736  -1.3628024  -7.3383303 2026 01 13 05 43 47.97
0   3860.35169   6028.70719   -621.11597   1.0613754  -1.4289865  -7.3320275 2026 01 13 05 43 57.97
0   3870.74807   6014.08728   -694.40143   1.0178685  -1.4949523  -7.3249341 2026 01 13 05 44 07.97
0   3880.70836   5998.80884   -767.61202   0.9741581  -1.5606924  -7.3170511 2026 01 13 05 44 17.97
0   3890.23055   5982.87416   -840.73982   0.9302491  -1.6261993  -7.3083793 2026 01 13 05 44 27.97
0   3899.31268   5966.28561   -913.77697   0.8861467  -1.6914657  -7.2989198 2026 01 13 05 44 37.97
0   3907.95284   5949.04562   -986.71560   0.8418559  -1.7564844  -7.2886736 2026 01 13 05 44 47.97
0   3916.14918   5931.15672  -1059.54783   0.7973819  -1.8212480  -7.2776420 2026 01 13 05 44 57.97
0   3923.89988   5912.62149  -1132.26582   0.7527300  -1.8857493  -7.2658260 2026 01 13 05 45 07.97
0   3931.20319   5893.44260  -1204.86174   0.7079052  -1.9499812  -7.2532272 2026 01 13 05 45 17.97
0   3938.05741   5873.62276  -1277.32777   0.6629128  -2.0139364  -7.2398469 2026 01 13 05 45 27.97
0   3944.46090   5853.16478  -1349.65609   0.6177582  -2.0776079  -7.2256867 2026 01 13 05 45 37.97
0   3950.41205   5832.07154  -1421.83891   0.5724465  -2.1409886  -7.2107481 2026 01 13 05 45 47.97
0   3955.90932   5810.34597  -1493.86847   0.5269831  -2.2040714  -7.1950329 2026 01 13 05 45 57.97
0   3960.95122   5787.99110  -1565.73700   0.4813733  -2.2668494  -7.1785427 2026 01 13 05 46 07.97
0   3965.53632   5765.01000  -1637.43676   0.4356226  -2.3293156  -7.1612795 2026 01 13 05 46 17.97
0   3969.66322   5741.40583  -1708.96003   0.3897362  -2.3914630  -7.1432452 2026 01 13 05 46 27.97
0   3973.33061   5717.18181  -1780.29911   0.3437197  -2.4532849  -7.1244418 2026 01 13 05 46 37.97
0   3976.53720   5692.34123  -1851.44633   0.2975784  -2.5147744  -7.1048715 2026 01 13 05 46 47.97
0   3979.28179   5666.88744  -1922.39402   0.2513177  -2.5759247  -7.0845364 2026 01 13 05 46 57.97
0   3981.56319   5640.82387  -1993.13454   0.2049433  -2.6367291  -7.0634388 2026 01 13 05 47 07.97
0   3983.38030   5614.15402  -2063.66029   0.1584605  -2.6971809  -7.0415810 2026 01 13 05 47 17.97
0   3984.73207   5586.88145  -2133.96367   0.1118750  -2.7572736  -7.0189655 2026 01 13 05 47 27.97
0   3985.61749   5559.00977  -2204.03711   0.0651921  -2.8170004  -6.9955949 2026 01 13 05 47 37.97
0   3986.03562   5530.54268  -2273.87309   0.0184176  -2.8763549  -6.9714717 2026 01 13 05 47 47.97
0   3985.98557   5501.48393  -2343.46409  -0.0284431  -2.9353306  -6.9465986 2026 01 13 05 47 57.97
0   3985.46650   5471.83735  -2412.80262  -0.0753843  -2.9939211  -6.9209784 2026 01 13 05 48 07.97
0   3984.47765   5441.60682  -2481.88122  -0.1224004  -3.0521199  -6.8946139 2026 01 13 05 48 17.97
0   3983.01828   5410.79628  -2550.69247  -0.1694858  -3.1099208  -6.8675082 2026 01 13 05 48 27.97
0   3981.08774   5379.40975  -2619.22898  -0.2166349  -3.1673175  -6.8396640 2026 01 13 05 48 37.97
0   3978.68541   5347.45130  -2687.48336  -0.2638419  -3.2243037  -6.8110847 2026 01 13 05 48 47.97
0   3975.81075   5314.92507  -2755.44829  -0.3111014  -3.2808734  -6.7817733 2026 01 13 05 48 57.97
0   3972.46325   5281.83525  -2823.11646  -0.3584074  -3.3370203  -6.7517331 2026 01 13 05 49 07.97
0   3968.64249   5248.18610  -2890.48060  -0.4057544  -3.3927384  -6.7209674 2026 01 13 05 49 17.97
0   3964.34807   5213.98194  -2957.53348  -0.4531367  -3.4480218  -6.6894796 2026 01 13 05 49 27.97
0   3959.57968   5179.22715  -3024.26788  -0.5005485  -3.5028645  -6.6572733 2026 01 13 05 49 37.97
0   3954.33705   5143.92615  -3090.67664  -0.5479841  -3.5572605  -6.6243519 2026 01 13 05 49 47.97
0   3948.61996   5108.08346  -3156.75263  -0.5954378  -3.6112042  -6.5907191 2026 01 13 05 49 57.97
0   3942.42828   5071.70361  -3222.48875  -0.6429039  -3.6646897  -6.5563787 2026 01 13 05 50 07.97
0   3935.76189   5034.79122  -3287.87795  -0.6903765  -3.7177113  -6.5213343 2026 01 13 05 50 17.97
0   3928.62078   4997.35096  -3352.91320  -0.7378499  -3.7702633  -6.4855899 2026 01 13 05 50 27.97
0   3921.00494   4959.38755  -3417.58753  -0.7853184  -3.8223402  -6.4491495 2026 01 13 05 50 37.97
0   3912.91447   4920.90577  -3481.89399  -0.8327761  -3.8739365  -6.4120169 2026 01 13 05 50 47.97
0   3904.34951   4881.91045  -3545.82569  -0.8802174  -3.9250468  -6.3741964 2026 01 13 05 50 57.97
0   3895.31023   4842.40648  -3609.37576  -0.9276363  -3.9756655  -6.3356921 2026 01 13 05 51 07.97
0   3885.79690   4802.39881  -3672.53739  -0.9750272  -4.0257874  -6.2965081 2026 01 13 05 51 17.97
0   3875.80983   4761.89242  -3735.30380  -1.0223843  -4.0754071  -6.2566489 2026 01 13 05 51 27.97
0   3865.34938   4720.89236  -3797.66826  -1.0697017  -4.1245196  -6.2161188 2026 01 13 05 51 37.97
0   3854.41598   4679.40374  -3859.62408  -1.1169737  -4.1731197  -6.1749222 2026 01 13 05 51 47.97
0   3843.01011   4637.43170  -3921.16463  -1.1641945  -4.2212022  -6.1330636 2026 01 13 05 51 57.97
0   3831.13231   4594.98144  -3982.28331  -1.2113582  -4.2687622  -6.0905477 2026 01 13 05 52 07.97
0   3818.78319   4552.05821  -4042.97356  -1.2584591  -4.3157947  -6.0473791 2026 01 13 05 52 17.97
0   3805.96339   4508.66732  -4103.22888  -1.3054915  -4.3622949  -6.0035625 2026 01 13 05 52 27.97
0   3792.67363   4464.81411  -4163.04282  -1.3524494  -4.4082579  -5.9591028 2026 01 13 05 52 37.97
0   3778.91470   4420.50396  -4222.40897  -1.3993272  -4.4536790  -5.9140047 2026 01 13 05 52 47.97
0   3764.68740   4375.74234  -4281.32097  -1.4461190  -4.4985536  -5.8682732 2026 01 13 05 52 57.97
0   3749.99265   4330.53472  -4339.77251  -1.4928191  -4.5428770  -5.8219133 2026 01 13 05 53 07.97
0   3734.83137   4284.88664  -4397.75733  -1.5394217  -4.5866447  -5.7749301 2026 01 13 05 53 17.97
0   3719.20458   4238.80368  -4455.26923  -1.5859210  -4.6298522  -5.7273287 2026 01 13 05 53 27.97
0   3703.11334   4192.29146  -4512.30204  -1.6323113  -4.6724951  -5.6791142 2026 01 13 05 53 37.97
0   3686.55876   4145.35566  -4568.84967  -1.6785868  -4.7145692  -5.6302920 2026 01 13 05 53 47.97
0   3669.54203   4098.00197  -4624.90606  -1.7247418  -4.7560701  -5.5808674 2026 01 13 05 53 57.97
0   3652.06437   4050.23615  -4680.46522  -1.7707705  -4.7969936  -5.5308456 2026 01 13 05 54 07.97
0   3634.12708   4002.06401  -4735.52120  -1.8166672  -4.8373358  -5.4802322 2026 01 13 05 54 17.97
0   3615.73150   3953.49136  -4790.06811  -1.8624262  -4.8770924  -5.4290327 2026 01 13 05 54 27.97
0   3596.87904   3904.52409  -4844.10012  -1.9080417  -4.9162596  -5.3772527 2026 01 13 05 54 37.97
0   3577.57117   3855.16811  -4897.61146  -1.9535082  -4.9548335  -5.3248976 2026 01 13 05 54 47.97
0   3557.80941   3805.42937  -4950.59639  -1.9988198  -4.9928102  -5.2719734 2026 01 13 05 54 57.97
0   3537.59532   3755.31386  -5003.04926  -2.0439710  -5.0301860  -5.2184855 2026 01 13 05 55 07.97
0   3516.93055   3704.82761  -5054.96446  -2.0889560  -5.0669572  -5.1644400 2026 01 13 05 55 17.97
0   3495.81678   3653.97669  -5106.33644  -2.1337693  -5.1031203  -5.1098426 2026 01 13 05 55 27.97
0   3474.25576   3602.76719  -5157.15972  -2.1784051  -5.1386716  -5.0546993 2026 01 13 05 55 37.97
0   3452.24929   3551.20524  -5207.42885  -2.2228579  -5.1736078  -4.9990159 2026 01 13 05 55 47.97
0   3429.79923   3499.29703  -5257.13848  -2.2671221  -5.2079254  -4.9427986 2026 01 13 05 55 57.97
0   3406.90749   3447.04874  -5306.28330  -2.3111921  -5.2416211  -4.8860534 2026 01 13 05 56 07.97
0   3383.57604   3394.46661  -5354.85805  -2.3550623  -5.2746919  -4.8287864 2026 01 13 05 56 17.97
0   3359.80692   3341.55691  -5402.85754  -2.3987271  -5.3071343  -4.7710039 2026 01 13 05 56 27.97
0   3335.60219   3288.32594  -5450.27666  -2.4421812  -5.3389455  -4.7127120 2026 01 13 05 56 37.97
0   3310.96400   3234.78003  -5497.11035  -2.4854188  -5.3701224  -4.6539171 2026 01 13 05 56 47.97
0   3285.89453   3180.92553  -5543.35359  -2.5284347  -5.4006621  -4.5946255 2026 01 13 05 56 57.97
0   3260.39604   3126.76882  -5589.00146  -2.5712232  -5.4305616  -4.5348435 2026 01 13 05 57 07.97
0   3234.47082   3072.31633  -5634.04909  -2.6137789  -5.4598184  -4.4745777 2026 01 13 05 57 17.97
0   3208.12123   3017.57450  -5678.49167  -2.6560964  -5.4884296  -4.4138345 2026 01 13 05 57 27.97
0   3181.34967   2962.54979  -5722.32446  -2.6981704  -5.5163926  -4.3526204 2026 01 13 05 57 37.97
0   3154.15861   2907.24870  -5765.54278  -2.7399953  -5.5437050  -4.2909421 2026 01 13 05 57 47.97
0   3126.55057   2851.67774  -5808.14202  -2.7815659  -5.5703642  -4.2288061 2026 01 13 05 57 57.97
0   3098.52812   2795.84347  -5850.11765  -2.8228769  -5.5963678  -4.1662191 2026 01 13 05 58 07.97
0   3070.09387   2739.75245  -5891.46517  -2.8639229  -5.6217136  -4.1031879 2026 01 13 05 58 17.97
0   3041.25051   2683.41126  -5932.18019  -2.9046986  -5.6463993  -4.0397192 2026 01 13 05 58 27.97
0   3012.00077   2626.82652  -5972.25837  -2.9451988  -5.6704228  -3.9758198 2026 01 13 05 58 37.97
0   2982.34741   2570.00487  -6011.69543  -2.9854183  -5.6937820  -3.9114967 2026 01 13 05 58 47.97
0   2952.29329   2512.95295  -6050.48716  -3.0253518  -5.7164748  -3.8467566 2026 01 13 05 58 57.97
0   2921.84128   2455.67744  -6088.62944  -3.0649942  -5.7384994  -3.7816065 2026 01 13 05 59 07.97
0   2890.99433   2398.18503  -6126.11819  -3.1043404  -5.7598540  -3.7160534 2026 01 13 05 59 17.97
0   2859.75541   2340.48244  -6162.94943  -3.1433852  -5.7805366  -3.6501043 2026 01 13 05 59 27.97
0   2828.12757   2282.57637  -6199.11923  -3.1821235  -5.8005458  -3.5837662 2026 01 13 05 59 37.97
0   2796.11390   2224.47359  -6234.62373  -3.2205503  -5.8198799  -3.5170464 2026 01 13 05 59 47.97
0   2763.71753   2166.18085  -6269.45915  -3.2586605  -5.8385372  -3.4499518 2026 01 13 05 59 57.97
0   2730.94167   2107.70492  -6303.62178  -3.2964493  -5.8565165  -3.3824896 2026 01 13 06 00 07.97
0   2697.78954   2049.05259  -6337.10797  -3.3339115  -5.8738163  -3.3146672 2026 01 13 06 00 17.97
0   2664.26445   1990.23066  -6369.91418  -3.3710424  -5.8904353  -3.2464916 2026 01 13 06 00 27.97
0   2630.36972   1931.24595  -6402.03689  -3.4078369  -5.9063724  -3.1779703 2026 01 13 06 00 37.97
0   2596.10874   1872.10529  -6433.47268  -3.4442902  -5.9216263  -3.1091104 2026 01 13 06 00 47.97
0   2561.48496   1812.81550  -6464.21822  -3.4803976  -5.9361960  -3.0399194 2026 01 13 06 00 57.97
0   2526.50185   1753.38343  -6494.27022  -3.5161541  -5.9500806  -2.9704045 2026 01 13 06 01 07.97
0   2491.16295   1693.81595  -6523.62548  -3.5515551  -5.9632791  -2.9005733 2026 01 13 06 01 17.97
0   2455.47183   1634.11992  -6552.28087  -3.5865959  -5.9757907  -2.8304332 2026 01 13 06 01 27.97
0   2419.43212   1574.30220  -6580.23335  -3.6212717  -5.9876147  -2.7599916 2026 01 13 06 01 37.97
0   2383.04750   1514.36969  -6607.47994  -3.6555780  -5.9987504  -2.6892561 2026 01 13 06 01 47.97
0   2346.32168   1454.32925  -6634.01773  -3.6895100  -6.0091972  -2.6182341 2026 01 13 06 01 57.97
0   2309.25842   1394.18780  -6659.84389  -3.7230634  -6.0189546  -2.5469332 2026 01 13 06 02 07.97
0   2271.86155   1333.95222  -6684.95569  -3.7562334  -6.0280222  -2.4753610 2026 01 13 06 02 17.97
0   2234.13490   1273.62941  -6709.35043  -3.7890156  -6.0363996  -2.4035252 2026 01 13 06 02 27.97
0   2196.08239   1213.22627  -6733.02553  -3.8214056  -6.0440866  -2.3314333 2026 01 13 06 02 37.97
0   2157.70796   1152.74972  -6755.97846  -3.8533990  -6.0510829  -2.2590930 2026 01 13 06 02 47.97
0   2119.01559   1092.20666  -6778.20677  -3.8849914  -6.0573884  -2.1865120 2026 01 13 06 02 57.97
0   2080.00933   1031.60399  -6799.70810  -3.9161785  -6.0630032  -2.1136980 2026 01 13 06 03 07.97
0   2040.69323    970.94863  -6820.48015  -3.9469560  -6.0679272  -2.0406588 2026 01 13 06 03 17.97
0   2001.07142    910.24748  -6840.52072  -3.9773196  -6.0721605  -1.9674020 2026 01 13 06 03 27.97
0   1961.14806    849.50745  -6859.82766  -4.0072652  -6.0757033  -1.8939356 2026 01 13 06 03 37.97
0   1920.92735    788.73544  -6878.39891  -4.0367886  -6.0785560  -1.8202672 2026 01 13 06 03 47.97
0   1880.41353    727.93835  -6896.23250  -4.0658856  -6.0807188  -1.7464046 2026 01 13 06 03 57.97
0   1839.61089    667.12308  -6913.32653  -4.0945523  -6.0821922  -1.6723558 2026 01 13 06 04 07.97
0   1798.52375    606.29652  -6929.67917  -4.1227846  -6.0829766  -1.5981286 2026 01 13 06 04 17.97
0   1757.15648    545.46556  -6945.28867  -4.1505786  -6.0830727  -1.5237308 2026 01 13 06 04 27.97
0   1715.51347    484.63707  -6960.15337  -4.1779302  -6.0824812  -1.4491703 2026 01 13 06 04 37.97
0   1673.59917    423.81794  -6974.27168  -4.2048357  -6.0812026  -1.3744551 2026 01 13 06 04 47.97
0   1631.41806    363.01502  -6987.64210  -4.2312911  -6.0792379  -1.2995930 2026 01 13 06 04 57.97
0   1588.97466    302.23517  -7000.26319  -4.2572928  -6.0765879  -1.2245920 2026 01 13 06 05 07.97
0   1546.27353    241.48525  -7012.13360  -4.2828369  -6.0732536  -1.1494600 2026 01 13 06 05 17.97
0   1503.31926    180.77208  -7023.25208  -4.3079198  -6.0692359  -1.0742050 2026 01 13 06 05 27.97
0   1460.11648    120.10250  -7033.61741  -4.3325378  -6.0645362  -0.9988350 2026 01 13 06 05 37.97
0   1416.66985     59.48333  -7043.22850  -4.3566874  -6.0591554  -0.9233579 2026 01 13 06 05 47.97
0   1372.98409     -1.07864  -7052.08432  -4.3803649  -6.0530949  -0.8477818 2026 01 13 06 05 57.97
0   1329.06393    -61.57661  -7060.18391  -4.4035670  -6.0463560  -0.7721146 2026 01 13 06 06 07.97
0   1284.91413   -122.00380  -7067.52640  -4.4262901  -6.0389401  -0.6963643 2026 01 13 06 06 17.97
0   1240.53952   -182.35346  -7074.11101  -4.4485309  -6.0308487  -0.6205391 2026 01 13 06 06 27.97
0   1195.94492   -242.61883  -7079.93701  -4.4702861  -6.0220834  -0.5446468 2026 01 13 06 06 37.97
0   1151.13520   -302.79319  -7085.00379  -4.4915522  -6.0126457  -0.4686956 2026 01 13 06 06 47.97
0   1106.11529   -362.86981  -7089.31080  -4.5123263  -6.0025375  -0.3926935 2026 01 13 06 06 57.97
0   1060.89011   -422.84201  -7092.85756  -4.5326049  -5.9917604  -0.3166485 2026 01 13 06 07 07.97
0   1015.46463   -482.70310  -7095.64368  -4.5523851  -5.9803163  -0.2405688 2026 01 13 06 07 17.97
0    969.84385   -542.44642  -7097.66886  -4.5716637  -5.9682072  -0.1644622 2026 01 13 06 07 27.97
0    924.03280   -602.06533  -7098.93288  -4.5904377  -5.9554350  -0.0883370 2026 01 13 06 07 37.97
0    878.03656   -661.55322  -7099.43557  -4.6087041  -5.9420019  -0.0122011 2026 01 13 06 07 47.97
0    831.86019   -720.90347  -7099.17689  -4.6264601  -5.9279099   0.0639374 2026 01 13 06 07 57.97
0    785.50883   -780.10952  -7098.15684  -4.6437028  -5.9131613   0.1400703 2026 01 13 06 08 07.97
0    738.98762   -839.16481  -7096.37552  -4.6604294  -5.8977583   0.2161897 2026 01 13 06 08 17.97
0    692.30174   -898.06281  -7093.83310  -4.6766372  -5.8817034   0.2922875 2026 01 13 06 08 27.97
0    645.45638   -956.79701  -7090.52984  -4.6923234  -5.8649989   0.3683556 2026 01 13 06 08 37.97
0    598.45678  -1015.36093  -7086.46608  -4.7074854  -5.8476474   0.4443860 2026 01 13 06 08 47.97
