abs offset [arcsec]
9.851461557298608795e+01
9.801492686847662128e+01
9.693046636714825581e+01
9.662006788096398679e+01
9.743992581460130964e+01
9.668243469747778818e+01
9.627650297601975637e+01
9.585785777705729060e+01
9.568608417475709871e+01
9.618039531655256269e+01
9.592399065243850487e+01
9.482021989287832753e+01
9.437325723578497616e+01
9.505392562620963304e+01
9.488608934956535279e+01
9.491081260456800806e+01
9.464571676732599315e+01
9.379397272412403197e+01
9.375422643542809453e+01
9.350827936613839597e+01
9.302551640874222016e+01
9.338811816566939683e+01
9.367829558805448187e+01
9.311367609236438625e+01
9.251338488157817608e+01
9.308896818858912070e+01
9.189690636831601012e+01
9.201382885726268057e+01
9.160837426745317202e+01
9.155145550447836911e+01
9.115312001316959822e+01
9.077997276740136101e+01
9.058131478549105964e+01
9.068726104466432503e+01
9.058261992179041044e+01
9.017915227623790031e+01
9.018362304183962408e+01
8.965548382462762333e+01
9.035403986740722360e+01
8.943011768662711347e+01
8.964409364579842077e+01
8.865410556775108830e+01
8.868479074729057743e+01
8.851826078912407070e+01
8.878416076221628828e+01
8.791736371034561159e+01
8.836237046052771404e+01
8.861655391353951927e+01
8.761784569377073240e+01
8.786716000885319033e+01
8.755646037076191135e+01
8.750082003728624613e+01
8.707131511166642213e+01
8.715693267949309586e+01
8.640382190521181371e+01
8.658232042536393180e+01
8.674750005920735418e+01
8.561059103441290574e+01
8.509451169220282907e+01
8.530313538080852709e+01
8.517069625663592092e+01
8.508128279232619207e+01
8.479991667135631417e+01
8.527731832371819110e+01
8.454614458089096729e+01
8.474870121157515257e+01
8.385954759844823059e+01
8.443843846441113499e+01
8.406427261320573052e+01
8.406625710001802076e+01
8.435416233863919899e+01
8.375967989455639895e+01
8.334881433158696495e+01
8.259820744497478984e+01
8.351642130770180472e+01
8.223495463561977203e+01
8.217249207191194671e+01
8.246132583867957067e+01
8.260112547404909833e+01
8.194227893309651733e+01
8.203972568564067558e+01
8.082027532384672952e+01
8.093935635760593073e+01
8.122418583585459828e+01
8.054492033317966104e+01
8.073036383489915124e+01
8.011126268771032244e+01
8.014935761015883031e+01
8.030244665984260166e+01
7.974874466039923959e+01
7.995291832832565149e+01
7.943488233060919868e+01
7.883453311400938901e+01
7.861725749588856615e+01
7.888235177527936060e+01
7.823143223996078177e+01
7.819609783039928175e+01
7.787618160413852308e+01
7.793220863331164594e+01
7.740040708030410599e+01
7.671797539028645474e+01
7.687343036993533474e+01
7.634850230312670760e+01
7.623524598861936852e+01
7.582147935941817707e+01
7.527321593494902174e+01
7.547387499139860267e+01
7.517912234452236930e+01
7.462347747113180674e+01
7.470422657772813579e+01
7.460332625710225329e+01
7.393832048765735010e+01
7.300140551554147805e+01
7.371208122233312565e+01
7.274546261426803540e+01
7.249717175949673731e+01
7.248070174524011122e+01
7.263406832648855982e+01
7.236149494214832600e+01
7.289260593660480936e+01
7.210697856190654420e+01
7.193355457958010390e+01
7.145683048257099301e+01
7.117239737238620023e+01
7.106186607045007975e+01
7.122630884761750281e+01
7.020888348633305043e+01
7.073183829666979250e+01
7.000375610690213080e+01
6.965605461932366893e+01
6.947116353766453756e+01
6.931786166860241849e+01
6.900007117609210638e+01
6.950710687311175207e+01
6.878428021476229048e+01
6.846162010157674160e+01
6.835211938799797338e+01
6.856807742536051364e+01
6.837369091407839505e+01
6.779472484870912297e+01
6.767127155237115232e+01
6.754435066975874236e+01
6.779187446129843408e+01
6.751315252890347551e+01
6.699858873964932116e+01
6.687223352198759585e+01
6.618875599043165892e+01
6.655473781716325732e+01
6.638800625841865610e+01
6.597766379581518947e+01
6.638581681992725692e+01
6.562043084129416570e+01
6.509319583520371566e+01
6.456167340352827466e+01
6.427661761638206883e+01
6.428530908302407454e+01
6.410288135471520832e+01
6.455468265612408629e+01
6.365030878205246978e+01
6.357733555897519295e+01
6.327535807882215124e+01
6.346265074434158748e+01
6.330009476534397095e+01
6.381839492184570872e+01
6.322289964699142928e+01
6.315374337954719408e+01
6.329474679704753726e+01
6.256274975809867556e+01
6.222324204092808486e+01
6.195261275122572897e+01
6.253057883469702460e+01
6.227610808638420536e+01
6.203987473808313524e+01
6.143128992889459994e+01
6.136731045600783574e+01
6.168004857585052747e+01
6.162965895832635965e+01
6.144480952425132614e+01
6.119882487570200880e+01
6.103951887509204255e+01
6.064737811783997756e+01
6.031488341534886644e+01
6.003134749482446608e+01
5.990241911469922798e+01
5.953873011160339246e+01
5.948211939047139651e+01
5.932121131819211968e+01
5.950001280757394539e+01
5.879807305565015696e+01
5.918438666405609894e+01
5.917714421036491501e+01
5.893067420740128171e+01
5.859694893577965047e+01
5.773288758730008396e+01
5.781807905728229002e+01
5.730037108500678045e+01
5.768891943104570430e+01
5.758583226232152441e+01
5.673894810005857181e+01
5.641930045125066329e+01
5.594018177748235843e+01
5.596218275016892107e+01
5.610757143824943682e+01
5.611298731665448969e+01
5.563109633090377315e+01
5.542427737204077687e+01
5.584536740941270949e+01
5.582313607160282487e+01
5.591544827768750281e+01
5.552835915715782278e+01
5.508668222381592727e+01
5.502779266501818256e+01
5.483909724995247359e+01
5.483280079437165000e+01
5.494847410413455435e+01
5.380630865005458219e+01
5.419249139369248525e+01
5.422654499894066760e+01
5.393968240741093467e+01
5.326260573612591287e+01
5.330223140550128136e+01
5.339270027677063979e+01
5.304016436132322809e+01
5.276309383804699848e+01
5.311185717883028445e+01
5.297628884706224994e+01
5.230260076515315859e+01
5.219037514240363862e+01
5.232870251756817481e+01
5.248553565567367230e+01
5.219105511524372787e+01
5.220503293952637591e+01
5.233954258192923703e+01
5.182394745754250209e+01
5.174802602352527714e+01
5.194883431900279902e+01
5.205624879897756330e+01
5.211457871736944014e+01
5.162896491394570120e+01
5.198887310432081676e+01
5.160662667147544624e+01
5.094153380532585373e+01
5.030120477872061002e+01
5.062585295784715100e+01
5.072399788781492447e+01
4.984447247858933849e+01
5.040113328750427968e+01
5.033427038838027556e+01
5.059298722044608354e+01
5.004287138717513983e+01
4.993265085621962385e+01
4.986441647771398067e+01
4.918516801317625919e+01
4.936408054378573951e+01
4.927293174830475664e+01
4.898964192040217114e+01
4.892869793279157165e+01
4.945141150984669309e+01
4.901713722613612134e+01
4.876943269483062693e+01
4.910981520879641948e+01
4.826803866437721524e+01
4.808680317124185422e+01
4.796932851807665799e+01
4.798616483015789669e+01
4.827509639893169435e+01
4.779211082598979488e+01
4.757103225389417389e+01
4.781066166305733134e+01
4.767361502437604059e+01
4.791678446346595166e+01
4.775976171718033925e+01
4.724162063105694642e+01
