abs offset [arcsec]
5.689562029454158676e+01
5.683464887658474396e+01
5.627092962349761507e+01
5.660687035798262201e+01
5.662324362858387872e+01
5.637868747917534051e+01
5.674432748167662766e+01
5.644489180018759100e+01
5.644361784559620077e+01
5.629845189890539814e+01
5.617962147934822781e+01
5.647153690839545703e+01
5.650082932749157294e+01
5.638473808177196389e+01
5.616720759962784371e+01
5.703525891360246902e+01
5.707324904922240449e+01
5.699515437669337814e+01
5.637783432335692169e+01
5.619217926656719442e+01
5.603977090247361303e+01
5.676132025549986793e+01
5.660319874362141235e+01
5.672205341992638949e+01
5.659464144418851106e+01
5.645424491041181625e+01
5.636268512813358456e+01
5.696580449308663674e+01
5.769923914013022426e+01
5.798668418535907421e+01
5.741104024025067787e+01
5.749934954617885552e+01
5.790083347205771247e+01
5.766563098921834296e+01
5.840226506206269619e+01
5.841600324834504221e+01
5.869089924880973541e+01
5.813824434576935829e+01
5.821746152155799336e+01
5.827577073812570774e+01
5.811627869352771825e+01
5.785907680193074043e+01
5.767992219782539820e+01
5.776747596652877093e+01
5.792557756921531364e+01
5.815494835367111648e+01
5.798156847695865679e+01
5.859872500343957569e+01
5.808176571713553926e+01
5.838799720227044787e+01
5.839594324995491803e+01
5.843965095370289475e+01
5.866283351857087780e+01
5.864220200124005800e+01
5.886659706464916297e+01
5.872272022000179703e+01
5.942983033909708723e+01
5.953589145477312172e+01
5.985156114182201748e+01
6.010265279184884690e+01
6.026264491413683544e+01
6.022292002629986030e+01
5.991792443195089390e+01
6.029530401836241538e+01
6.016757183855286684e+01
6.070727234820245144e+01
6.053959759346082592e+01
6.025869239287075629e+01
6.067350309423870414e+01
6.087993844040608593e+01
6.076466119223312035e+01
6.119332149355679462e+01
6.173300409268400557e+01
6.149235237591778969e+01
6.161030426012390393e+01
6.175296278874503031e+01
6.191128757585806852e+01
6.199825481915270586e+01
6.168909907621382871e+01
6.217187226460954008e+01
6.182646104978484658e+01
6.241804437899571667e+01
6.181003449111531722e+01
6.232591246957200326e+01
6.215525534073682934e+01
6.278436568265826878e+01
6.318214949265519209e+01
6.319274530386871191e+01
6.252953593493990780e+01
6.249571212836139011e+01
6.265801868044513157e+01
6.341968661760863313e+01
6.344597935911712483e+01
6.392214540891613694e+01
6.325629881625552287e+01
6.363077201878726186e+01
6.368390214967768514e+01
6.416672542848804994e+01
6.433725538453731474e+01
6.386118768322911166e+01
6.416405829071678113e+01
6.463146563356829688e+01
6.503780675517496945e+01
6.527833479909011771e+01
6.551599327065453338e+01
6.627433114015350668e+01
6.609468275294599948e+01
6.596063080509841825e+01
6.577361430444604196e+01
6.561756108103524809e+01
6.570853906714036441e+01
6.587703712973802794e+01
6.639482507499897679e+01
6.654893480704915021e+01
6.695432392441311720e+01
6.698632495436838497e+01
6.672604391319003980e+01
6.741705802197891728e+01
6.795061311903441492e+01
6.766332986520649229e+01
6.780408538624465109e+01
6.816040814603837816e+01
6.855496073540604129e+01
6.871371224932821065e+01
6.881900420350547165e+01
6.893102120657430021e+01
6.889346616118743327e+01
6.906735762690536262e+01
6.898595192429570488e+01
6.917330122898003708e+01
6.915920309108254571e+01
6.940667346366994650e+01
6.978662316599705662e+01
6.971516607878372440e+01
7.077793031924348099e+01
7.039796576869005662e+01
7.007019329360709037e+01
6.956895039846881446e+01
7.061311756259935635e+01
7.102483652264743341e+01
7.156910530958316485e+01
7.197091373540717996e+01
7.180723050450704648e+01
7.173103841308743256e+01
7.223533243153715944e+01
7.278685753643958378e+01
7.228641649763736154e+01
7.230133289905894856e+01
7.345065037698385879e+01
7.313372044749726797e+01
7.348741410810535513e+01
7.329557889595136544e+01
7.360519476306609477e+01
7.373507493975411364e+01
7.366313663306770820e+01
7.380685701200944493e+01
7.386152290973650736e+01
7.420501932730240924e+01
7.465815011664381018e+01
7.484624433123981646e+01
7.420603017348481956e+01
7.535605080779586729e+01
7.508258567636413261e+01
7.504913997105693113e+01
7.527027667362635555e+01
7.524565759883377325e+01
7.679638279810218648e+01
7.688640499582923837e+01
7.729479151737972131e+01
7.682119261098671359e+01
7.648066444764141636e+01
7.714394540510330955e+01
7.725291101947289008e+01
7.696386555221958758e+01
7.710437124042653068e+01
7.732549132073980047e+01
7.748586567403907566e+01
7.851025110754547143e+01
7.791022166884502553e+01
7.834962331469023411e+01
7.925164280406943362e+01
7.914989252442354939e+01
7.909855819803627242e+01
7.890166050763035344e+01
7.967111106696860645e+01
7.993351457035774388e+01
8.073452612528220129e+01
8.097349278586054311e+01
8.050121904331699341e+01
8.050451697868275858e+01
8.113144909945405914e+01
8.013990705459400488e+01
8.069379888827907621e+01
8.004551972420748029e+01
8.117896793010714873e+01
8.124081225574973075e+01
8.191854703877675092e+01
8.099819744295423618e+01
8.102937591360441161e+01
8.162857442804879327e+01
8.167953642983837881e+01
8.212509412291615263e+01
8.164003941665254160e+01
8.342914854741911768e+01
8.244874157537610415e+01
8.277743113463381519e+01
8.271250612922861478e+01
8.384439398578528824e+01
8.338219786098963482e+01
8.403139217540191908e+01
8.368409434539566405e+01
8.430832139753405841e+01
8.376593858597998121e+01
8.306669903081338191e+01
8.469070581808333031e+01
8.458135515153189488e+01
8.475924171826210340e+01
8.493965388125559457e+01
8.512486829901358476e+01
8.500864653304992657e+01
8.570604707359623831e+01
8.624716710647329876e+01
8.530339403654527075e+01
8.553182429038584189e+01
8.515534755635887620e+01
8.696380993170697593e+01
8.648136885864896328e+01
8.698110584926216404e+01
8.701221470036703920e+01
8.675649484858230664e+01
8.815313355057035949e+01
8.694830164975881814e+01
8.762994664830262082e+01
8.711490824502465102e+01
8.744743192507021945e+01
8.769462093524940371e+01
8.732745129136016260e+01
8.769628528304143344e+01
8.793701262445283362e+01
8.923435359046558801e+01
8.846898431391028339e+01
8.916687796074191397e+01
8.967973714125210449e+01
8.911089110249854173e+01
8.863811317800342238e+01
8.960801289517458201e+01
8.931524911977820125e+01
8.914336508585910224e+01
8.946460992231078535e+01
8.955169072632403982e+01
9.014440484480522287e+01
8.987733120528116615e+01
8.924787667204108743e+01
8.901286001417341254e+01
8.963530710338643814e+01
8.943461787789689765e+01
9.022485159127083421e+01
