# abs offset [arcsec]
4.428007817950297209e+01
4.390912593791242102e+01
4.340285774167073640e+01
4.189582151603833182e+01
4.333055309931058474e+01
4.338864475598082038e+01
4.358927987782418967e+01
4.383573948459915925e+01
4.333513385361219861e+01
4.354446328585896708e+01
4.358868509000607361e+01
4.354045002881992588e+01
4.334172566135774929e+01
4.309698710148182244e+01
4.379592966089281703e+01
4.358109674345096352e+01
4.320235639479257372e+01
4.253590099058173024e+01
4.322850246063560320e+01
4.319424193754433361e+01
4.310666321921277699e+01
4.358146851528679377e+01
4.307372768458986201e+01
4.284310250632321271e+01
4.270567181777925470e+01
4.214549631209536784e+01
4.270503971445837266e+01
4.159067299310543575e+01
4.274072272827092434e+01
4.172994931567816934e+01
4.118517712213485282e+01
4.143135767165325944e+01
4.137253954495898967e+01
4.069256310434763435e+01
4.139097977192429312e+01
4.194381469359337444e+01
4.070641478684107284e+01
4.238974615349822272e+01
4.185418094113686038e+01
4.062560430154005076e+01
4.134453046357454298e+01
4.065049975967815499e+01
4.048241457596336801e+01
4.012076985341410307e+01
4.110607452518107152e+01
4.152531140797037779e+01
4.140885265272218874e+01
4.123487676719314265e+01
4.103947240014915110e+01
4.237948452178103054e+01
4.268530183244709519e+01
4.166914128078970236e+01
4.233951018109929265e+01
4.252330617857710138e+01
4.203046644316687974e+01
4.179278768750563700e+01
4.257471959005786033e+01
4.258763150949274490e+01
4.299814953509186211e+01
4.290626403706686176e+01
4.282098969823427836e+01
4.322475910280477507e+01
4.367040681185044804e+01
4.255918625325366378e+01
4.344943366834413467e+01
4.473244984746057895e+01
4.374032499811258390e+01
4.378885082820244889e+01
4.401647881019391662e+01
4.527142586017723858e+01
4.367835168592296213e+01
4.435904911449519261e+01
4.474616285096320922e+01
4.508805640445067553e+01
4.511310706564289319e+01
4.581613986836887875e+01
4.551569608586293469e+01
4.520027829193056590e+01
4.542754686777001183e+01
4.535310721120904276e+01
4.648805471163362313e+01
4.716991642443139199e+01
4.690547352330843012e+01
4.678623281964390657e+01
4.655077087804401970e+01
4.759306630967375895e+01
4.774742030783373536e+01
4.880765455183219359e+01
4.808755760757203035e+01
4.792736731979699272e+01
4.822599773333518414e+01
4.841979261273206703e+01
4.819733141505868446e+01
4.777332047825537842e+01
4.895813863143743561e+01
4.876886135724841864e+01
4.960286822452508204e+01
5.034313967441799775e+01
4.969520050820854351e+01
4.954053207579366358e+01
5.030364676647297273e+01
5.135477988694812979e+01
5.095473383408989321e+01
5.131621591754599621e+01
5.857663066275700459e+01
5.913071248726269857e+01
5.968563027174398883e+01
6.028641562150571076e+01
6.047638328099732519e+01
6.085896272306426624e+01
6.144490452780671319e+01
6.163840425226598541e+01
6.197880003419115980e+01
6.254826232573332589e+01
6.337103640491207557e+01
6.395043148771787855e+01
6.419378463033281434e+01
6.565343609353500653e+01
6.563614300104244137e+01
6.569497488014741293e+01
6.598268954435538092e+01
6.605153306044888950e+01
6.716827570044301865e+01
6.766901766114585826e+01
6.875530777535064431e+01
6.849000010452448350e+01
6.819107915546646836e+01
6.814109764582791229e+01
6.791098340396533217e+01
6.854606666062126408e+01
6.955831901965807162e+01
7.062867123446957862e+01
7.174590322976607126e+01
7.093320715059719817e+01
7.108232000092672820e+01
7.166664064432207226e+01
7.109185878698431793e+01
7.228538743785495058e+01
7.271198316058368505e+01
7.330650814435990981e+01
7.343155809963845115e+01
7.390087282841884075e+01
7.401887166034789800e+01
7.553170449354277594e+01
7.566161288779656502e+01
7.554938055165493438e+01
7.617564820474670739e+01
7.559234878999338036e+01
7.580107500428334788e+01
7.599812798909239575e+01
7.738500028099949191e+01
7.748520009847987922e+01
7.727916306420777914e+01
7.826515845961404239e+01
7.807110032292293056e+01
7.945074860572391628e+01
7.907197092294113361e+01
7.905201963078752669e+01
7.972767789385265758e+01
8.041480287159181728e+01
8.004339888296829031e+01
8.095099770070309830e+01
8.098852605341079425e+01
8.086929787765271271e+01
8.338758819015208701e+01
