# abs offset [arcsec]
5.592990557099996352e+01
5.725918613538866708e+01
5.778483733425910884e+01
5.716173562392151553e+01
5.639223118196061790e+01
5.821190861723811594e+01
5.849783842996522765e+01
5.855125330345565970e+01
5.936724435504363839e+01
5.966567206136808466e+01
6.020219581830413347e+01
6.074775096566946786e+01
6.058482962193982502e+01
6.004842070437937451e+01
6.135578511443075200e+01
6.263470564543736430e+01
6.247095807492447506e+01
6.257416619736507357e+01
6.358880216180134681e+01
6.351482810070383778e+01
6.362342903609088296e+01
6.391884535965203185e+01
6.452053170693916684e+01
6.441520841987014023e+01
6.508748131243618218e+01
6.620518379750158999e+01
6.617164049376064838e+01
6.651532810425663911e+01
6.674089911332980307e+01
6.644835907266711672e+01
6.733670296563668956e+01
6.715858108878414612e+01
6.756960259849006434e+01
6.788134791045172278e+01
6.904453818942772614e+01
6.929645626485388732e+01
6.916663035442120133e+01
7.037130102334093351e+01
7.000891195785956711e+01
7.140551666091933214e+01
7.125313681642482777e+01
7.140551666091933214e+01
7.151297005809551877e+01
7.190958031335161138e+01
7.244914521536259144e+01
7.229876972113130762e+01
7.277305655902509329e+01
7.478248834509926724e+01
7.392180914715814311e+01
7.411946277339988853e+01
7.454988349858700758e+01
7.471369420309699194e+01
7.518382712298655690e+01
7.534036858511403523e+01
7.712365661097013003e+01
7.600031052539512189e+01
7.731298557153385786e+01
7.738703284121839943e+01
7.755855727748271988e+01
7.741352493162740700e+01
7.819930251634700369e+01
7.815278028811886202e+01
7.903479447961801441e+01
7.906121471149184288e+01
7.925128657315492831e+01
8.013781515650178733e+01
8.101275402765847389e+01
8.157027328787782494e+01
8.192606449249852574e+01
8.161738624881962778e+01
8.166674249061303215e+01
8.245766303815268827e+01
8.235513451360129977e+01
8.265685202571297907e+01
8.331014386888369927e+01
8.300213968799425857e+01
8.470280788416296502e+01
8.408219941420244936e+01
8.398428218973680259e+01
8.388458739738292991e+01
8.511975211494315374e+01
8.611276165847625919e+01
8.675222361845212049e+01
8.588158316248342317e+01
8.679225627461484294e+01
8.643594822044799741e+01
8.701537515668364620e+01
8.777359790359534486e+01
8.675344666442032349e+01
8.778922952165464721e+01
8.827147524934626688e+01
8.915527149730567658e+01
8.948774304932790358e+01
8.973995364289541499e+01
8.980777457881762871e+01
9.111605203448485213e+01
9.040159972922739939e+01
8.983400918331582830e+01
8.982072286827744279e+01
9.091914914208497578e+01
9.128277568517738416e+01
9.150623335054928020e+01
9.184554896984373329e+01
9.249898894811060757e+01
9.305047172069789951e+01
9.273558636775770481e+01
9.474760037773909005e+01
9.387670094032125689e+01
9.350255171093967022e+01
9.483897284712946885e+01
9.504420134536604792e+01
9.444626498411533078e+01
9.501938326318629890e+01
9.572109187930485064e+01
9.635868217548585335e+01
9.562053840416756145e+01
9.560426972286343528e+01
9.651494370836178405e+01
9.716238203486872749e+01
9.735805462103421348e+01
9.563960742427148887e+01
9.781916927178762933e+01
9.779788180553755694e+01
9.741042329994576221e+01
9.827773650460410693e+01
9.854811543801731943e+01
9.908880583934865172e+01
9.911568456082493128e+01
9.982883539891172120e+01
9.897020521974947371e+01
9.887044475582577263e+01
9.911514876456804757e+01
1.005131356355856269e+02
1.005117723135515035e+02
1.002150996222864023e+02
1.006697161487963541e+02
1.019028215323422728e+02
1.009278152771141350e+02
1.015172090766488679e+02
1.012695131137129039e+02
1.017965154967864976e+02
1.011971009183364743e+02
1.015361824095066083e+02
1.028252101918128147e+02
1.031607866973830170e+02
1.037873149347878865e+02
1.049735614462065598e+02
1.038422950604140169e+02
1.043357766018010722e+02
1.033888535928166590e+02
1.047812537053358568e+02
1.048343854110194684e+02
1.050681347555001963e+02
1.041882206278205274e+02
1.059992870430818783e+02
1.052946375448448322e+02
1.067238617509506895e+02
1.063237049644781393e+02
1.050289232401926256e+02
1.056536732932656690e+02
1.063674919387694615e+02
1.054135922625260946e+02
1.060538944288500858e+02
1.058262201312689115e+02
1.065878521347392507e+02
1.066511079807078062e+02
1.068252617045568371e+02
1.064170674166726087e+02
1.070795058635334982e+02
1.072182265532888295e+02
1.075790205710158318e+02
1.070246009865916079e+02
1.067752419260556849e+02
1.086782289395001868e+02
1.068344254693572708e+02
1.078783156978214919e+02
1.080385429711784298e+02
1.078104723091960011e+02
1.077454049472968762e+02
1.082947850563641481e+02
1.076034964484664442e+02
1.082558920056594474e+02
1.076122686547289504e+02
