0   -938.67391    647.85498   7081.62404   2.4724184   7.1068370  -0.3179515 2026 01 14 04 51 07.73
0   -888.82122    789.77054   7073.73946   2.5126602   7.0841917  -0.4704774 2026 01 14 04 51 27.73
0   -838.17511    931.20171   7062.80631   2.5517562   7.0584008  -0.6227972 2026 01 14 04 51 47.73
0   -786.75875   1072.08574   7048.82937   2.5896807   7.0294790  -0.7748457 2026 01 14 04 52 07.73
0   -734.59582   1212.36015   7031.81471   2.6264083   6.9974421  -0.9265579 2026 01 14 04 52 27.73
0   -681.71052   1351.96281   7011.76971   2.6619144   6.9623072  -1.0778690 2026 01 14 04 52 47.73
0   -628.12751   1490.83194   6988.70303   2.6961748   6.9240929  -1.2287141 2026 01 14 04 53 07.73
0   -573.87193   1628.90616   6962.62465   2.7291661   6.8828194  -1.3790289 2026 01 14 04 53 27.73
0   -518.96942   1766.12449   6933.54581   2.7608653   6.8385077  -1.5287490 2026 01 14 04 53 47.73
0   -463.44603   1902.42640   6901.47905   2.7912500   6.7911807  -1.6778104 2026 01 14 04 54 07.73
0   -407.32826   2037.75181   6866.43818   2.8202985   6.7408622  -1.8261492 2026 01 14 04 54 27.73
0   -350.64307   2172.04114   6828.43828   2.8479896   6.6875775  -1.9737021 2026 01 14 04 54 47.73
0   -293.41779   2305.23534   6787.49570   2.8743031   6.6313533  -2.1204058 2026 01 14 04 55 07.73
0   -235.68019   2437.27588   6743.62807   2.8992190   6.5722174  -2.2661976 2026 01 14 04 55 27.73
0   -177.45840   2568.10484   6696.85424   2.9227182   6.5101991  -2.4110149 2026 01 14 04 55 47.73
0   -118.78094   2697.66485   6647.19431   2.9447823   6.4453287  -2.5547957 2026 01 14 04 56 07.73
0    -59.67671   2825.89919   6594.66965   2.9653935   6.3776380  -2.6974785 2026 01 14 04 56 27.73
0     -0.17492   2952.75179   6539.30282   2.9845348   6.3071599  -2.8390020 2026 01 14 04 56 47.73
0     59.69487   3078.16724   6481.11762   3.0021898   6.2339286  -2.9793054 2026 01 14 04 57 07.73
0    119.90276   3202.09082   6420.13904   3.0183430   6.1579794  -3.1183287 2026 01 14 04 57 27.73
0    180.41857   3324.46853   6356.39330   3.0329795   6.0793490  -3.2560121 2026 01 14 04 57 47.73
0    241.21183   3445.24714   6289.90778   3.0460852   5.9980751  -3.3922964 2026 01 14 04 58 07.73
0    302.25178   3564.37416   6220.71104   3.0576467   5.9141967  -3.5271231 2026 01 14 04 58 27.73
0    363.50742   3681.79789   6148.83283   3.0676514   5.8277539  -3.6604343 2026 01 14 04 58 47.73
0    424.94748   3797.46746   6074.30403   3.0760876   5.7387878  -3.7921725 2026 01 14 04 59 07.73
0    486.54049   3911.33283   5997.15666   3.0829441   5.6473409  -3.9222810 2026 01 14 04 59 27.73
0    548.25475   4023.34480   5917.42388   3.0882108   5.5534565  -4.0507039 2026 01 14 04 59 47.73
0    610.05836   4133.45508   5835.13995   3.0918783   5.4571792  -4.1773858 2026 01 14 05 00 07.73
0    671.91926   4241.61626   5750.34026   3.0939379   5.3585545  -4.3022720 2026 01 14 05 00 27.73
0    733.80520   4347.78186   5663.06124   3.0943818   5.2576290  -4.4253087 2026 01 14 05 00 47.73
0    795.68381   4451.90632   5573.34043   3.0932031   5.1544504  -4.5464428 2026 01 14 05 01 07.73
0    857.52256   4553.94509   5481.21639   3.0903957   5.0490673  -4.6656219 2026 01 14 05 01 27.73
0    919.28884   4653.85456   5386.72875   3.0859543   4.9415294  -4.7827945 2026 01 14 05 01 47.73
0    980.94990   4751.59213   5289.91814   3.0798743   4.8318871  -4.8979101 2026 01 14 05 02 07.73
0   1042.47295   4847.11624   5190.82621   3.0721523   4.7201919  -5.0109186 2026 01 14 05 02 27.73
0   1103.82511   4940.38634   5089.49558   3.0627855   4.6064963  -5.1217714 2026 01 14 05 02 47.73
0   1164.97347   5031.36297   4985.96985   3.0517721   4.4908535  -5.2304202 2026 01 14 05 03 07.73
0   1225.88509   5120.00772   4880.29358   3.0391109   4.3733177  -5.3368181 2026 01 14 05 03 27.73
0   1286.52700   5206.28327   4772.51224   3.0248020   4.2539439  -5.4409188 2026 01 14 05 03 47.73
0   1346.86625   5290.15343   4662.67224   3.0088460   4.1327878  -5.5426773 2026 01 14 05 04 07.73
0   1406.86993   5371.58311   4550.82086   2.9912445   4.0099061  -5.6420493 2026 01 14 05 04 27.73
0   1466.50514   5450.53837   4437.00627   2.9720000   3.8853561  -5.7389917 2026 01 14 05 04 47.73
0   1525.73906   5526.98643   4321.27747   2.9511160   3.7591959  -5.8334623 2026 01 14 05 05 07.73
0   1584.53893   5600.89566   4203.68433   2.9285967   3.6314842  -5.9254200 2026 01 14 05 05 27.73
0   1642.87210   5672.23564   4084.27750   2.9044472   3.5022806  -6.0148249 2026 01 14 05 05 47.73
0   1700.70603   5740.97712   3963.10842   2.8786735   3.3716452  -6.1016381 2026 01 14 05 06 07.73
0   1758.00829   5807.09207   3840.22932   2.8512825   3.2396386  -6.1858217 2026 01 14 05 06 27.73
0   1814.74663   5870.55370   3715.69314   2.8222822   3.1063223  -6.2673392 2026 01 14 05 06 47.73
0   1870.88893   5931.33640   3589.55358   2.7916810   2.9717582  -6.3461549 2026 01 14 05 07 07.73
0   1926.40328   5989.41587   3461.86501   2.7594886   2.8360087  -6.4222345 2026 01 14 05 07 27.73
0   1981.25795   6044.76901   3332.68249   2.7257154   2.6991367  -6.4955449 2026 01 14 05 07 47.73
0   2035.42144   6097.37402   3202.06173   2.6903728   2.5612058  -6.5660541 2026 01 14 05 08 07.73
0   2088.86248   6147.21034   3070.05905   2.6534728   2.4222798  -6.6337314 2026 01 14 05 08 27.73
0   2141.55006   6194.25873   2936.73140   2.6150286   2.2824230  -6.6985472 2026 01 14 05 08 47.73
0   2193.45342   6238.50121   2802.13629   2.5750540   2.1417001  -6.7604732 2026 01 14 05 09 07.73
0   2244.54210   6279.92112   2666.33179   2.5335639   2.0001761  -6.8194826 2026 01 14 05 09 27.73
0   2294.78596   6318.50308   2529.37648   2.4905739   1.8579165  -6.8755495 2026 01 14 05 09 47.73
0   2344.15515   6354.23303   2391.32947   2.4461004   1.7149868  -6.9286495 2026 01 14 05 10 07.73
0   2392.62017   6387.09824   2252.25032   2.4001607   1.5714530  -6.9787595 2026 01 14 05 10 27.73
0   2440.15190   6417.08729   2112.19907   2.3527731   1.4273813  -7.0258576 2026 01 14 05 10 47.73
0   2486.72154   6444.19007   1971.23615   2.3039565   1.2828380  -7.0699233 2026 01 14 05 11 07.73
0   2532.30073   6468.39783   1829.42240   2.2537307   1.1378896  -7.1109375 2026 01 14 05 11 27.73
0   2576.86147   6489.70312   1686.81904   2.2021163   0.9926027  -7.1488823 2026 01 14 05 11 47.73
0   2620.37622   6508.09986   1543.48761   2.1491347   0.8470441  -7.1837413 2026 01 14 05 12 07.73
0   2662.81786   6523.58326   1399.49000   2.0948082   0.7012805  -7.2154993 2026 01 14 05 12 27.73
0   2704.15970   6536.14990   1254.88836   2.0391597   0.5553789  -7.2441426 2026 01 14 05 12 47.73
0   2744.37555   6545.79768   1109.74510   1.9822131   0.4094059  -7.2696589 2026 01 14 05 13 07.73
0   2783.43968   6552.52586    964.12289   1.9239927   0.2634285  -7.2920371 2026 01 14 05 13 27.73
0   2821.32689   6556.33500    818.08458   1.8645240   0.1175133  -7.3112677 2026 01 14 05 13 47.73
0   2858.01245   6557.22702    671.69320   1.8038329  -0.0282730  -7.3273424 2026 01 14 05 14 07.73
0   2893.47219   6555.20516    525.01195   1.7419461  -0.1738640  -7.3402544 2026 01 14 05 14 27.73
0   2927.68246   6550.27399    378.10414   1.6788911  -0.3191933  -7.3499984 2026 01 14 05 14 47.73
0   2960.62019   6542.43941    231.03316   1.6146961  -0.4641948  -7.3565704 2026 01 14 05 15 07.73
0   2992.26286   6531.70863     83.86248   1.5493899  -0.6088027  -7.3599677 2026 01 14 05 15 27.73
0   3022.58854   6518.09018    -63.34438   1.4830020  -0.7529513  -7.3601891 2026 01 14 05 15 47.73
0   3051.57590   6501.59391   -210.52391   1.4155626  -0.8965752  -7.3572348 2026 01 14 05 16 07.73
0   3079.20421   6482.23095   -357.61261   1.3471024  -1.0396096  -7.3511065 2026 01 14 05 16 27.73
0   3105.45337   6460.01374   -504.54702   1.2776529  -1.1819897  -7.3418072 2026 01 14 05 16 47.73
0   3130.30391   6434.95602   -651.26378   1.2072461  -1.3236513  -7.3293413 2026 01 14 05 17 07.73
0   3153.73703   6407.07278   -797.69960   1.1359148  -1.4645306  -7.3137146 2026 01 14 05 17 27.73
0   3175.73454   6376.38032   -943.79134   1.0636920  -1.6045643  -7.2949343 2026 01 14 05 17 47.73
0   3196.27897   6342.89617  -1089.47601   0.9906115  -1.7436894  -7.2730090 2026 01 14 05 18 07.73
0   3215.35351   6306.63913  -1234.69081   0.9167077  -1.8818437  -7.2479487 2026 01 14 05 18 27.73
0   3232.94202   6267.62923  -1379.37315   0.8420155  -2.0189653  -7.2197647 2026 01 14 05 18 47.73
0   3249.02911   6225.88774  -1523.46068   0.7665701  -2.1549930  -7.1884699 2026 01 14 05 19 07.73
0   3263.60005   6181.43715  -1666.89133   0.6904074  -2.2898661  -7.1540783 2026 01 14 05 19 27.73
0   3276.64087   6134.30115  -1809.60330   0.6135637  -2.4235246  -7.1166053 2026 01 14 05 19 47.73
0   3288.13832   6084.50463  -1951.53515   0.5360757  -2.5559094  -7.0760677 2026 01 14 05 20 07.73
0   3298.07987   6032.07364  -2092.62576   0.4579808  -2.6869616  -7.0324838 2026 01 14 05 20 27.73
0   3306.45377   5977.03542  -2232.81439   0.3793164  -2.8166234  -6.9858729 2026 01 14 05 20 47.73
0   3313.24901   5919.41834  -2372.04072   0.3001206  -2.9448376  -6.9362559 2026 01 14 05 21 07.73
0   3318.45534   5859.25194  -2510.24483   0.2204317  -3.0715478  -6.8836548 2026 01 14 05 21 27.73
0   3322.06329   5796.56683  -2647.36728   0.1402886  -3.1966984  -6.8280930 2026 01 14 05 21 47.73
0   3324.06416   5731.39477  -2783.34910   0.0597302  -3.3202347  -6.7695953 2026 01 14 05 22 07.73
0   3324.45004   5663.76858  -2918.13183  -0.0212040  -3.4421026  -6.7081875 2026 01 14 05 22 27.73
0   3323.21381   5593.72216  -3051.65753  -0.1024744  -3.5622491  -6.6438968 2026 01 14 05 22 47.73
0   3320.34914   5521.29046  -3183.86884  -0.1840409  -3.6806221  -6.5767517 2026 01 14 05 23 07.73
0   3315.85052   5446.50946  -3314.70896  -0.2658635  -3.7971703  -6.5067819 2026 01 14 05 23 27.73
0   3309.71322   5369.41617  -3444.12169  -0.3479016  -3.9118434  -6.4340181 2026 01 14 05 23 47.73
0   3301.93334   5290.04857  -3572.05149  -0.4301145  -4.0245921  -6.3584925 2026 01 14 05 24 07.73
0   3292.50780   5208.44565  -3698.44344  -0.5124615  -4.1353679  -6.2802382 2026 01 14 05 24 27.73
0   3281.43432   5124.64734  -3823.24331  -0.5949014  -4.2441236  -6.1992897 2026 01 14 05 24 47.73
0   3268.71146   5038.69450  -3946.39758  -0.6773932  -4.3508127  -6.1156825 2026 01 14 05 25 07.73
0   3254.33858   4950.62891  -4067.85343  -0.7598955  -4.4553900  -6.0294533 2026 01 14 05 25 27.73
0   3238.31590   4860.49327  -4187.55879  -0.8423668  -4.5578112  -5.9406398 2026 01 14 05 25 47.73
0   3220.64445   4768.33111  -4305.46237  -0.9247657  -4.6580332  -5.8492808 2026 01 14 05 26 07.73
0   3201.32609   4674.18686  -4421.51366  -1.0070506  -4.7560140  -5.7554164 2026 01 14 05 26 27.73
0   3180.36352   4578.10574  -4535.66296  -1.0891798  -4.8517125  -5.6590874 2026 01 14 05 26 47.73
0   3157.76026   4480.13379  -4647.86138  -1.1711118  -4.9450889  -5.5603358 2026 01 14 05 27 07.73
0   3133.52068   4380.31786  -4758.06091  -1.2528048  -5.0361046  -5.4592047 2026 01 14 05 27 27.73
0   3107.64998   4278.70553  -4866.21440  -1.3342172  -5.1247220  -5.3557380 2026 01 14 05 27 47.73
0   3080.15417   4175.34512  -4972.27558  -1.4153074  -5.2109049  -5.2499806 2026 01 14 05 28 07.73
0   3051.04013   4070.28570  -5076.19909  -1.4960339  -5.2946179  -5.1419785 2026 01 14 05 28 27.73
0   3020.31553   3963.57698  -5177.94051  -1.5763552  -5.3758272  -5.0317785 2026 01 14 05 28 47.73
0   2987.98891   3855.26938  -5277.45635  -1.6562298  -5.4544999  -4.9194282 2026 01 14 05 29 07.73
0   2954.06960   3745.41395  -5374.70409  -1.7356166  -5.5306046  -4.8049764 2026 01 14 05 29 27.73
0   2918.56776   3634.06235  -5469.64219  -1.8144744  -5.6041109  -4.6884723 2026 01 14 05 29 47.73
0   2881.49440   3521.26684  -5562.23011  -1.8927623  -5.6749897  -4.5699663 2026 01 14 05 30 07.73
0   2842.86132   3407.08025  -5652.42832  -1.9704394  -5.7432133  -4.4495096 2026 01 14 05 30 27.73
0   2802.68113   3291.55595  -5740.19832  -2.0474652  -5.8087550  -4.3271539 2026 01 14 05 30 47.73
0   2760.96727   3174.74784  -5825.50266  -2.1237993  -5.8715895  -4.2029519 2026 01 14 05 31 07.73
0   2717.73398   3056.71031  -5908.30494  -2.1994016  -5.9316928  -4.0769571 2026 01 14 05 31 27.73
0   2672.99628   2937.49819  -5988.56984  -2.2742321  -5.9890423  -3.9492234 2026 01 14 05 31 47.73
0   2626.77002   2817.16680  -6066.26314  -2.3482513  -6.0436163  -3.8198058 2026 01 14 05 32 07.73
0   2579.07181   2695.77184  -6141.35171  -2.4214198  -6.0953947  -3.6887597 2026 01 14 05 32 27.73
0   2529.91905   2573.36942  -6213.80353  -2.4936987  -6.1443587  -3.5561412 2026 01 14 05 32 47.73
0   2479.32993   2450.01599  -6283.58773  -2.5650493  -6.1904907  -3.4220071 2026 01 14 05 33 07.73
0   2427.32339   2325.76837  -6350.67457  -2.6354332  -6.2337743  -3.2864146 2026 01 14 05 33 27.73
0   2373.91915   2200.68368  -6415.03544  -2.7048126  -6.2741947  -3.1494218 2026 01 14 05 33 47.73
0   2319.13767   2074.81932  -6476.64295  -2.7731498  -6.3117382  -3.0110872 2026 01 14 05 34 07.73
0   2263.00017   1948.23295  -6535.47082  -2.8404077  -6.3463925  -2.8714696 2026 01 14 05 34 27.73
0   2205.52861   1820.98248  -6591.49400  -2.9065496  -6.3781465  -2.7306287 2026 01 14 05 34 47.73
0   2146.74567   1693.12599  -6644.68863  -2.9715392  -6.4069905  -2.5886244 2026 01 14 05 35 07.73
0   2086.67475   1564.72179  -6695.03203  -3.0353407  -6.4329161  -2.4455171 2026 01 14 05 35 27.73
0   2025.33997   1435.82832  -6742.50275  -3.0979186  -6.4559163  -2.3013679 2026 01 14 05 35 47.73
0   1962.76615   1306.50414  -6787.08057  -3.1592382  -6.4759852  -2.1562378 2026 01 14 05 36 07.73
0   1898.97880   1176.80792  -6828.74648  -3.2192651  -6.4931185  -2.0101887 2026 01 14 05 36 27.73
0   1834.00412   1046.79841  -6867.48273  -3.2779655  -6.5073131  -1.8632825 2026 01 14 05 36 47.73
0   1767.86896    916.53441  -6903.27279  -3.3353060  -6.5185670  -1.7155817 2026 01 14 05 37 07.73
0   1700.60087    786.07473  -6936.10140  -3.3912540  -6.5268798  -1.5671489 2026 01 14 05 37 27.73
0   1632.22800    655.47821  -6965.95455  -3.4457773  -6.5322522  -1.4180470 2026 01 14 05 37 47.73
0   1562.77917    524.80361  -6992.81948  -3.4988444  -6.5346865  -1.2683393 2026 01 14 05 38 07.73
0   1492.28381    394.10968  -7016.68472  -3.5504244  -6.5341859  -1.1180893 2026 01 14 05 38 27.73
0   1420.77197    263.45507  -7037.54005  -3.6004868  -6.5307552  -0.9673607 2026 01 14 05 38 47.73
0   1348.27431    132.89833  -7055.37655  -3.6490021  -6.5244004  -0.8162173 2026 01 14 05 39 07.73
0   1274.82204      2.49785  -7070.18655  -3.6959412  -6.5151287  -0.6647231 2026 01 14 05 39 27.73
0   1200.44699   -127.68809  -7081.96368  -3.7412758  -6.5029488  -0.5129424 2026 01 14 05 39 47.73
0   1125.18152   -257.60142  -7090.70285  -3.7849783  -6.4878703  -0.3609395 2026 01 14 05 40 07.73
0   1049.05855   -387.18430  -7096.40027  -3.8270215  -6.4699045  -0.2087787 2026 01 14 05 40 27.73
0    972.11151   -516.37909  -7099.05341  -3.8673793  -6.4490637  -0.0565245 2026 01 14 05 40 47.73
0    894.37439   -645.12842  -7098.66106  -3.9060262  -6.4253616   0.0957586 2026 01 14 05 41 07.73
0    815.88164   -773.37522  -7095.22329  -3.9429374  -6.3988129   0.2480061 2026 01 14 05 41 27.73
0    736.66823   -901.06271  -7088.74145  -3.9780888  -6.3694338   0.4001534 2026 01 14 05 41 47.73
0    656.76958  -1028.13446  -7079.21818  -4.0114571  -6.3372417   0.5521361 2026 01 14 05 42 07.73
0    576.22158  -1154.53438  -7066.65744  -4.0430200  -6.3022551   0.7038898 2026 01 14 05 42 27.73
0    495.06055  -1280.20678  -7051.06444  -4.0727558  -6.2644937   0.8553500 2026 01 14 05 42 47.73
0    413.32326  -1405.09638  -7032.44569  -4.1006435  -6.2239787   1.0064525 2026 01 14 05 43 07.73
0    331.04686  -1529.14832  -7010.80899  -4.1266630  -6.1807321   1.1571332 2026 01 14 05 43 27.73
0    248.26891  -1652.30821  -6986.16341  -4.1507953  -6.1347774   1.3073282 2026 01 14 05 43 47.73
0    165.02735  -1774.52211  -6958.51932  -4.1730219  -6.0861390   1.4569736 2026 01 14 05 44 07.73
0     81.36046  -1895.73662  -6927.88834  -4.1933252  -6.0348428   1.6060058 2026 01 14 05 44 27.73
0     -2.69313  -2015.89884  -6894.28336  -4.2116887  -5.9809155   1.7543615 2026 01 14 05 44 47.73
0    -87.09446  -2134.95643  -6857.71855  -4.2280965  -5.9243851   1.9019775 2026 01 14 05 45 07.73
0   -171.80425  -2252.85761  -6818.20933  -4.2425338  -5.8652809   2.0487910 2026 01 14 05 45 27.73
0   -256.78297  -2369.55122  -6775.77238  -4.2549866  -5.8036329   2.1947394 2026 01 14 05 45 47.73
0   -341.99079  -2484.98668  -6730.42563  -4.2654417  -5.7394727   2.3397605 2026 01 14 05 46 07.73
0   -427.38763  -2599.11408  -6682.18823  -4.2738872  -5.6728326   2.4837925 2026 01 14 05 46 27.73
0   -512.93319  -2711.88415  -6631.08059  -4.2803116  -5.6037461   2.6267739 2026 01 14 05 46 47.73
0   -598.58694  -2823.24830  -6577.12434  -4.2847049  -5.5322478   2.7686434 2026 01 14 05 47 07.73
0   -684.30815  -2933.15866  -6520.34231  -4.2870575  -5.4583735   2.9093406 2026 01 14 05 47 27.73
0   -770.05594  -3041.56807  -6460.75857  -4.2873611  -5.3821596   3.0488050 2026 01 14 05 47 47.73
0   -855.78925  -3148.43011  -6398.39835  -4.2856083  -5.3036439   3.1869771 2026 01 14 05 48 07.73
0   -941.46688  -3253.69913  -6333.28811  -4.2817927  -5.2228651   3.3237974 2026 01 14 05 48 27.73
0  -1027.04752  -3357.33026  -6265.45546  -4.2759088  -5.1398628   3.4592074 2026 01 14 05 48 47.73
0  -1112.48976  -3459.27945  -6194.92921  -4.2679520  -5.0546776   3.5931487 2026 01 14 05 49 07.73
0  -1197.75210  -3559.50344  -6121.73929  -4.2579190  -4.9673512   3.7255637 2026 01 14 05 49 27.73
0  -1282.79300  -3657.95983  -6045.91681  -4.2458072  -4.8779260   3.8563955 2026 01 14 05 49 47.73
0  -1367.57085  -3754.60709  -5967.49399  -4.2316152  -4.7864455   3.9855877 2026 01 14 05 50 07.73
0  -1452.04406  -3849.40455  -5886.50419  -4.2153424  -4.6929540   4.1130844 2026 01 14 05 50 27.73
0  -1536.17100  -3942.31244  -5802.98187  -4.1969894  -4.5974967   4.2388306 2026 01 14 05 50 47.73
0  -1619.91009  -4033.29189  -5716.96259  -4.1765578  -4.5001196   4.3627719 2026 01 14 05 51 07.73
0  -1703.21978  -4122.30500  -5628.48298  -4.1540501  -4.4008697   4.4848545 2026 01 14 05 51 27.73
0  -1786.05858  -4209.31477  -5537.58074  -4.1294700  -4.2997946   4.6050257 2026 01 14 05 51 47.73
0  -1868.38509  -4294.28518  -5444.29464  -4.1028221  -4.1969429   4.7232331 2026 01 14 05 52 07.73
0  -1950.15801  -4377.18119  -5348.66445  -4.0741120  -4.0923639   4.8394255 2026 01 14 05 52 27.73
0  -2031.33616  -4457.96877  -5250.73099  -4.0433465  -3.9861075   4.9535522 2026 01 14 05 52 47.73
0  -2111.87851  -4536.61486  -5150.53606  -4.0105334  -3.8782246   5.0655635 2026 01 14 05 53 07.73
0  -2191.74418  -4613.08745  -5048.12248  -3.9756813  -3.7687666   5.1754106 2026 01 14 05 53 27.73
0  -2270.89251  -4687.35556  -4943.53400  -3.9388000  -3.6577857   5.2830455 2026 01 14 05 53 47.73
0  -2349.28301  -4759.38925  -4836.81534  -3.8999006  -3.5453347   5.3884210 2026 01 14 05 54 07.73
0  -2426.87543  -4829.15967  -4728.01215  -3.8589947  -3.4314672   5.4914910 2026 01 14 05 54 27.73
0  -2503.62978  -4896.63902  -4617.17099  -3.8160954  -3.3162370   5.5922104 2026 01 14 05 54 47.73
0  -2579.50632  -4961.80060  -4504.33932  -3.7712166  -3.1996991   5.6905349 2026 01 14 05 55 07.73
0  -2654.46562  -5024.61879  -4389.56548  -3.7243733  -3.0819085   5.7864213 2026 01 14 05 55 27.73
0  -2728.46853  -5085.06910  -4272.89865  -3.6755815  -2.9629211   5.8798273 2026 01 14 05 55 47.73
0  -2801.47626  -5143.12817  -4154.38884  -3.6248581  -2.8427931   5.9707118 2026 01 14 05 56 07.73
0  -2873.45037  -5198.77374  -4034.08690  -3.5722213  -2.7215813   6.0590347 2026 01 14 05 56 27.73
0  -2944.35276  -5251.98471  -3912.04444  -3.5176902  -2.5993429   6.1447569 2026 01 14 05 56 47.73
0  -3014.14574  -5302.74112  -3788.31387  -3.4612847  -2.4761357   6.2278405 2026 01 14 05 57 07.73
0  -3082.79206  -5351.02419  -3662.94832  -3.4030260  -2.3520177   6.3082486 2026 01 14 05 57 27.73
0  -3150.25484  -5396.81627  -3536.00166  -3.3429361  -2.2270473   6.3859457 2026 01 14 05 57 47.73
0  -3216.49771  -5440.10091  -3407.52846  -3.2810381  -2.1012834   6.4608971 2026 01 14 05 58 07.73
0  -3281.48474  -5480.86282  -3277.58397  -3.2173561  -1.9747851   6.5330696 2026 01 14 05 58 27.73
0  -3345.18050  -5519.08792  -3146.22409  -3.1519149  -1.8476118   6.6024309 2026 01 14 05 58 47.73
0  -3407.55006  -5554.76330  -3013.50535  -3.0847407  -1.7198232   6.6689501 2026 01 14 05 59 07.73
0  -3468.55903  -5587.87725  -2879.48490  -3.0158603  -1.5914792   6.7325976 2026 01 14 05 59 27.73
0  -3528.17356  -5618.41927  -2744.22046  -2.9453016  -1.4626400   6.7933447 2026 01 14 05 59 47.73
0  -3586.36037  -5646.38005  -2607.77030  -2.8730934  -1.3333658   6.8511645 2026 01 14 06 00 07.73
0  -3643.08678  -5671.75150  -2470.19325  -2.7992654  -1.2037172   6.9060307 2026 01 14 06 00 27.73
0  -3698.32068  -5694.52674  -2331.54860  -2.7238483  -1.0737547   6.9579190 2026 01 14 06 00 47.73
0  -3752.03061  -5714.70009  -2191.89617  -2.6468735  -0.9435389   7.0068058 2026 01 14 06 01 07.73
0  -3804.18573  -5732.26710  -2051.29621  -2.5683734  -0.8131306   7.0526691 2026 01 14 06 01 27.73
0  -3854.75588  -5747.22452  -1909.80938  -2.4883814  -0.6825906   7.0954883 2026 01 14 06 01 47.73
0  -3903.71155  -5759.57033  -1767.49677  -2.4069315  -0.5519795   7.1352440 2026 01 14 06 02 07.73
0  -3951.02394  -5769.30371  -1624.41983  -2.3240588  -0.4213582   7.1719182 2026 01 14 06 02 27.73
0  -3996.66495  -5776.42506  -1480.64037  -2.2397989  -0.2907871   7.2054942 2026 01 14 06 02 47.73
0  -4040.60718  -5780.93600  -1336.22049  -2.1541884  -0.1603270   7.2359567 2026 01 14 06 03 07.73
0  -4082.82402  -5782.83934  -1191.22261  -2.0672648  -0.0300381   7.2632918 2026 01 14 06 03 27.73
0  -4123.28957  -5782.13913  -1045.70941  -1.9790662   0.1000191   7.2874871 2026 01 14 06 03 47.73
0  -4161.97871  -5778.84058   -899.74380  -1.8896314   0.2297847   7.3085314 2026 01 14 06 04 07.73
0  -4198.86714  -5772.95013   -753.38888  -1.7990002   0.3591987   7.3264151 2026 01 14 06 04 27.73
0  -4233.93130  -5764.47541   -606.70798  -1.7072127   0.4882016   7.3411297 2026 01 14 06 04 47.73
0  -4267.14850  -5753.42524   -459.76452  -1.6143102   0.6167339   7.3526684 2026 01 14 06 05 07.73
0  -4298.49684  -5739.80961   -312.62210  -1.5203342   0.7447367   7.3610258 2026 01 14 06 05 27.73
0  -4327.95528  -5723.63971   -165.34437  -1.4253272   0.8721513   7.3661978 2026 01 14 06 05 47.73
0  -4355.50362  -5704.92789    -17.99509  -1.3293322   0.9989193   7.3681817 2026 01 14 06 06 07.73
0  -4381.12255  -5683.68764    129.36199  -1.2323927   1.1249828   7.3669765 2026 01 14 06 06 27.73
0  -4404.79361  -5659.93365    276.66307  -1.1345530   1.2502843   7.3625822 2026 01 14 06 06 47.73
0  -4426.49924  -5633.68172    423.84439  -1.0358579   1.3747667   7.3550006 2026 01 14 06 07 07.73
0  -4446.22279  -5604.94880    570.84223  -0.9363526   1.4983736   7.3442348 2026 01 14 06 07 27.73
0  -4463.94851  -5573.75296    717.59295  -0.8360831   1.6210487   7.3302892 2026 01 14 06 07 47.73
0  -4479.66159  -5540.11340    864.03300  -0.7350957   1.7427366   7.3131699 2026 01 14 06 08 07.73
0  -4493.34812  -5504.05040   1010.09899  -0.6334371   1.8633824   7.2928841 2026 01 14 06 08 27.73
0  -4504.99516  -5465.58536   1155.72768  -0.5311547   1.9829317   7.2694407 2026 01 14 06 08 47.73
0  -4514.59071  -5424.74074   1300.85600  -0.4282961   2.1013308   7.2428499 2026 01 14 06 09 07.73
0  -4522.12373  -5381.54008   1445.42113  -0.3249096   2.2185266   7.2131231 2026 01 14 06 09 27.73
0  -4527.58413  -5336.00797   1589.36047  -0.2210434   2.3344667   7.1802736 2026 01 14 06 09 47.73
0  -4530.96282  -5288.17004   1732.61171  -0.1167466   2.4490994   7.1443156 2026 01 14 06 10 07.73
0  -4532.25168  -5238.05295   1875.11283  -0.0120683   2.5623738   7.1052649 2026 01 14 06 10 27.73
0  -4531.44356  -5185.68438   2016.80215   0.0929421   2.6742396   7.0631387 2026 01 14 06 10 47.73
0  -4528.53232  -5131.09298   2157.61835   0.1982348   2.7846473   7.0179556 2026 01 14 06 11 07.73
0  -4523.51282  -5074.30841   2297.50047   0.3037598   2.8935484   6.9697354 2026 01 14 06 11 27.73
0  -4516.38091  -5015.36128   2436.38800   0.4094669   3.0008950   6.9184995 2026 01 14 06 11 47.73
0  -4507.13345  -4954.28315   2574.22083   0.5153056   3.1066402   6.8642702 2026 01 14 06 12 07.73
0  -4495.76832  -4891.10651   2710.93934   0.6212253   3.2107377   6.8070717 2026 01 14 06 12 27.73
0  -4482.28441  -4825.86477   2846.48439   0.7271753   3.3131425   6.7469291 2026 01 14 06 12 47.73
0  -4466.68162  -4758.59223   2980.79737   0.8331046   3.4138102   6.6838690 2026 01 14 06 13 07.73
0  -4448.96086  -4689.32406   3113.82019   0.9389623   3.5126975   6.6179191 2026 01 14 06 13 27.73
0  -4429.12409  -4618.09631   3245.49536   1.0446974   3.6097618   6.5491085 2026 01 14 06 13 47.73
0  -4407.17427  -4544.94584   3375.76596   1.1502587   3.7049617   6.4774676 2026 01 14 06 14 07.73
0  -4383.11538  -4469.91035   3504.57569   1.2555951   3.7982569   6.4030280 2026 01 14 06 14 27.73
0  -4356.95244  -4393.02834   3631.86891   1.3606555   3.8896077   6.3258225 2026 01 14 06 14 47.73
0  -4328.69147  -4314.33907   3757.59064   1.4653888   3.9789758   6.2458851 2026 01 14 06 15 07.73
0  -4298.33952  -4233.88258   3881.68660   1.5697441   4.0663237   6.1632510 2026 01 14 06 15 27.73
0  -4265.90467  -4151.69963   4004.10320   1.6736703   4.1516151   6.0779566 2026 01 14 06 15 47.73
0  -4231.39601  -4067.83171   4124.78761   1.7771166   4.2348148   5.9900393 2026 01 14 06 16 07.73
0  -4194.82364  -3982.32100   4243.68777   1.8800324   4.3158884   5.8995380 2026 01 14 06 16 27.73
0  -4156.19868  -3895.21036   4360.75238   1.9823672   4.3948029   5.8064922 2026 01 14 06 16 47.73
0  -4115.53325  -3806.54328   4475.93098   2.0840705   4.4715264   5.7109430 2026 01 14 06 17 07.73
0  -4072.84048  -3716.36391   4589.17389   2.1850922   4.5460278   5.6129323 2026 01 14 06 17 27.73
0  -4028.13451  -3624.71697   4700.43233   2.2853825   4.6182776   5.5125030 2026 01 14 06 17 47.73
0  -3981.43046  -3531.64780   4809.65836   2.3848917   4.6882470   5.4096992 2026 01 14 06 18 07.73
0  -3932.74445  -3437.20227   4916.80494   2.4835704   4.7559088   5.3045660 2026 01 14 06 18 27.73
0  -3882.09357  -3341.42680   5021.82594   2.5813696   4.8212364   5.1971493 2026 01 14 06 18 47.73
0  -3829.49591  -3244.36833   5124.67615   2.6782407   4.8842050   5.0874961 2026 01 14 06 19 07.73
0  -3774.97051  -3146.07428   5225.31133   2.7741352   4.9447906   4.9756544 2026 01 14 06 19 27.73
0  -3718.53738  -3046.59254   5323.68819   2.8690051   5.0029703   4.8616731 2026 01 14 06 19 47.73
0  -3660.21750  -2945.97145   5419.76444   2.9628030   5.0587228   4.7456018 2026 01 14 06 20 07.73
0  -3600.03277  -2844.25975   5513.49878   3.0554816   5.1120276   4.6274912 2026 01 14 06 20 27.73
0  -3538.00605  -2741.50660   5604.85094   3.1469943   5.1628656   4.5073928 2026 01 14 06 20 47.73
0  -3474.16111  -2637.76150   5693.78168   3.2372949   5.2112190   4.3853589 2026 01 14 06 21 07.73
0  -3408.52267  -2533.07433   5780.25283   3.3263375   5.2570710   4.2614425 2026 01 14 06 21 27.73
0  -3341.11633  -2427.49526   5864.22727   3.4140772   5.3004061   4.1356976 2026 01 14 06 21 47.73
0  -3271.96860  -2321.07479   5945.66898   3.5004690   5.3412101   4.0081787 2026 01 14 06 22 07.73
0  -3201.10688  -2213.86365   6024.54303   3.5854690   5.3794700   3.8789413 2026 01 14 06 22 27.73
0  -3128.55944  -2105.91286   6100.81561   3.6690336   5.4151740   3.7480413 2026 01 14 06 22 47.73
0  -3054.35541  -1997.27364   6174.45403   3.7511199   5.4483114   3.6155355 2026 01 14 06 23 07.73
0  -2978.52480  -1887.99742   6245.42676   3.8316856   5.4788731   3.4814813 2026 01 14 06 23 27.73
0  -2901.09843  -1778.13580   6313.70340   3.9106890   5.5068507   3.3459367 2026 01 14 06 23 47.73
0  -2822.10795  -1667.74052   6379.25472   3.9880890   5.5322376   3.2089603 2026 01 14 06 24 07.73
0  -2741.58584  -1556.86347   6442.05269   4.0638455   5.5550279   3.0706113 2026 01 14 06 24 27.73
0  -2659.56537  -1445.55662   6502.07046   4.1379187   5.5752173   2.9309494 2026 01 14 06 24 47.73
0  -2576.08059  -1333.87201   6559.28235   4.2102697   5.5928026   2.7900350 2026 01 14 06 25 07.73
0  -2491.16633  -1221.86177   6613.66393   4.2808604   5.6077818   2.6479286 2026 01 14 06 25 27.73
0  -2404.85817  -1109.57801   6665.19198   4.3496534   5.6201541   2.5046917 2026 01 14 06 25 47.73
0  -2317.19244   -997.07287   6713.84450   4.4166119   5.6299200   2.3603858 2026 01 14 06 26 07.73
0  -2228.20618   -884.39847   6759.60072   4.4817002   5.6370812   2.2150730 2026 01 14 06 26 27.73
0  -2137.93714   -771.60687   6802.44114   4.5448832   5.6416404   2.0688159 2026 01 14 06 26 47.73
0  -2046.42378   -658.75008   6842.34750   4.6061267   5.6436018   1.9216774 2026 01 14 06 27 07.73
0  -1953.70523   -545.88000   6879.30279   4.6653973   5.6429707   1.7737206 2026 01 14 06 27 27.73
0  -1859.82126   -433.04841   6913.29130   4.7226625   5.6397534   1.6250091 2026 01 14 06 27 47.73
0  -1764.81231   -320.30697   6944.29856   4.7778906   5.6339576   1.4756066 2026 01 14 06 28 07.73
0  -1668.71942   -207.70717   6972.31140   4.8310508   5.6255922   1.3255774 2026 01 14 06 28 27.73
0  -1571.58425    -95.30029   6997.31792   4.8821133   5.6146670   1.1749856 2026 01 14 06 28 47.73
0  -1473.44906     16.86259   7019.30751   4.9310491   5.6011933   1.0238959 2026 01 14 06 29 07.73
0  -1374.35665    128.73060   7038.27087   4.9778302   5.5851832   0.8723730 2026 01 14 06 29 27.73
0  -1274.35038    240.25315   7054.19999   5.0224295   5.5666503   0.7204818 2026 01 14 06 29 47.73
0  -1173.47417    351.37994   7067.08813   5.0648210   5.5456090   0.5682873 2026 01 14 06 30 07.73
0  -1071.77241    462.06094   7076.92989   5.1049794   5.5220751   0.4158546 2026 01 14 06 30 27.73
0   -969.29001    572.24648   7083.72117   5.1428807   5.4960654   0.2632491 2026 01 14 06 30 47.73
0   -866.07236    681.88721   7087.45914   5.1785015   5.4675977   0.1105359 2026 01 14 06 31 07.73
0   -762.16527    790.93416   7088.14232   5.2118199   5.4366911  -0.0422196 2026 01 14 06 31 27.73
0   -657.61502    899.33876   7085.77051   5.2428147   5.4033656  -0.1949521 2026 01 14 06 31 47.73
0   -552.46827   1007.05283   7080.34483   5.2714657   5.3676423  -0.3475962 2026 01 14 06 32 07.73
0   -446.77210   1114.02864   7071.86768   5.2977539   5.3295435  -0.5000867 2026 01 14 06 32 27.73
0   -340.57394   1220.21891   7060.34281   5.3216614   5.2890924  -0.6523583 2026 01 14 06 32 47.73
0   -233.92158   1325.57684   7045.77523   5.3431711   5.2463132  -0.8043461 2026 01 14 06 33 07.73
0   -126.86313   1430.05611   7028.17128   5.3622673   5.2012314  -0.9559849 2026 01 14 06 33 27.73
0    -19.44702   1533.61093   7007.53858   5.3789351   5.1538731  -1.1072101 2026 01 14 06 33 47.73
0     88.27805   1636.19605   6983.88605   5.3931610   5.1042657  -1.2579568 2026 01 14 06 34 07.73
0    196.26311   1737.76676   6957.22390   5.4049322   5.0524375  -1.4081606 2026 01 14 06 34 27.73
0    304.45896   1838.27894   6927.56364   5.4142373   4.9984176  -1.5577573 2026 01 14 06 34 47.73
0    412.81617   1937.68906   6894.91805   5.4210661   4.9422364  -1.7066829 2026 01 14 06 35 07.73
0    521.28511   2035.95420   6859.30118   5.4254092   4.8839249  -1.8548736 2026 01 14 06 35 27.73
0    629.81598   2133.03206   6820.72838   5.4272586   4.8235151  -2.0022661 2026 01 14 06 35 47.73
0    738.35886   2228.88102   6779.21623   5.4266074   4.7610401  -2.1487972 2026 01 14 06 36 07.73
0    846.86365   2323.46011   6734.78260   5.4234497   4.6965336  -2.2944041 2026 01 14 06 36 27.73
0    955.28018   2416.72904   6687.44658   5.4177810   4.6300304  -2.4390246 2026 01 14 06 36 47.73
0   1063.55821   2508.64823   6637.22853   5.4095977   4.5615661  -2.5825967 2026 01 14 06 37 07.73
0   1171.64740   2599.17882   6584.15004   5.3988975   4.4911770  -2.7250587 2026 01 14 06 37 27.73
0   1279.49740   2688.28270   6528.23391   5.3856793   4.4189004  -2.8663497 2026 01 14 06 37 47.73
0   1387.05787   2775.92247   6469.50417   5.3699432   4.3447743  -3.0064089 2026 01 14 06 38 07.73
0   1494.27843   2862.06155   6407.98607   5.3516902   4.2688375  -3.1451763 2026 01 14 06 38 27.73
0   1601.10879   2946.66412   6343.70602   5.3309228   4.1911295  -3.2825923 2026 01 14 06 38 47.73
0   1707.49869   3029.69514   6276.69166   5.3076445   4.1116909  -3.4185979 2026 01 14 06 39 07.73
0   1813.39795   3111.12043   6206.97178   5.2818601   4.0305625  -3.5531345 2026 01 14 06 39 27.73
0   1918.75650   3190.90659   6134.57634   5.2535756   3.9477861  -3.6861444 2026 01 14 06 39 47.73
0   2023.52442   3269.02110   6059.53643   5.2227980   3.8634043  -3.8175704 2026 01 14 06 40 07.73
0   2127.65193   3345.43227   5981.88432   5.1895356   3.7774600  -3.9473557 2026 01 14 06 40 27.73
0   2231.08942   3420.10929   5901.65337   5.1537980   3.6899972  -4.0754446 2026 01 14 06 40 47.73
0   2333.78748   3493.02224   5818.87806   5.1155958   3.6010601  -4.2017819 2026 01 14 06 41 07.73
0   2435.69696   3564.14207   5733.59397   5.0749409   3.5106939  -4.3263130 2026 01 14 06 41 27.73
0   2536.76891   3633.44066   5645.83777   5.0318463   3.4189441  -4.4489842 2026 01 14 06 41 47.73
0   2636.95470   3700.89081   5555.64719   4.9863264   3.3258568  -4.5697426 2026 01 14 06 42 07.73
0   2736.20595   3766.46621   5463.06100   4.9383964   3.2314788  -4.6885359 2026 01 14 06 42 27.73
0   2834.47464   3830.14154   5368.11901   4.8880730   3.1358573  -4.8053130 2026 01 14 06 42 47.73
0   2931.71306   3891.89240   5270.86207   4.8353739   3.0390400  -4.9200232 2026 01 14 06 43 07.73
0   3027.87391   3951.69535   5171.33201   4.7803181   2.9410751  -5.0326169 2026 01 14 06 43 27.73
0   3122.91023   4009.52792   5069.57164   4.7229256   2.8420113  -5.1430453 2026 01 14 06 43 47.73
0   3216.77551   4065.36864   4965.62476   4.6632178   2.7418976  -5.2512607 2026 01 14 06 44 07.73
0   3309.42366   4119.19699   4859.53608   4.6012170   2.6407835  -5.3572161 2026 01 14 06 44 27.73
0   3400.80906   4170.99347   4751.35129   4.5369467   2.5387189  -5.4608655 2026 01 14 06 44 47.73
0   3490.88655   4220.73957   4641.11694   4.4704316   2.4357541  -5.5621640 2026 01 14 06 45 07.73
0   3579.61151   4268.41778   4528.88050   4.4016975   2.3319395  -5.6610676 2026 01 14 06 45 27.73
0   3666.93981   4314.01163   4414.69029   4.3307713   2.2273261  -5.7575333 2026 01 14 06 45 47.73
0   3752.82790   4357.50564   4298.59550   4.2576811   2.1219650  -5.8515192 2026 01 14 06 46 07.73
0   3837.23278   4398.88538   4180.64613   4.1824560   2.0159075  -5.9429844 2026 01 14 06 46 27.73
0   3920.11206   4438.13743   4060.89300   4.1051262   1.9092055  -6.0318891 2026 01 14 06 46 47.73
0   4001.42395   4475.24943   3939.38770   4.0257230   1.8019106  -6.1181947 2026 01 14 06 47 07.73
0   4081.12730   4510.21003   3816.18260   3.9442787   1.6940750  -6.2018635 2026 01 14 06 47 27.73
0   4159.18164   4543.00895   3691.33080   3.8608268   1.5857509  -6.2828592 2026 01 14 06 47 47.73
0   4235.54714   4573.63693   3564.88611   3.7754016   1.4769906  -6.3611464 2026 01 14 06 48 07.73
0   4310.18469   4602.08578   3436.90306   3.6880386   1.3678464  -6.4366910 2026 01 14 06 48 27.73
0   4383.05591   4628.34834   3307.43681   3.5987744   1.2583710  -6.5094600 2026 01 14 06 48 47.73
0   4454.12314   4652.41852   3176.54321   3.5076464   1.1486170  -6.5794219 2026 01 14 06 49 07.73
0   4523.34948   4674.29127   3044.27870   3.4146929   1.0386368  -6.6465459 2026 01 14 06 49 27.73
0   4590.69883   4693.96259   2910.70034   3.3199535   0.9284832  -6.7108029 2026 01 14 06 49 47.73
0   4656.13586   4711.42954   2775.86574   3.2234685   0.8182086  -6.7721649 2026 01 14 06 50 07.73
0   4719.62608   4726.69024   2639.83309   3.1252791   0.7078657  -6.8306050 2026 01 14 06 50 27.73
0   4781.13581   4739.74382   2502.66107   3.0254275   0.5975069  -6.8860979 2026 01 14 06 50 47.73
0   4840.63225   4750.59051   2364.40887   2.9239568   0.4871845  -6.9386192 2026 01 14 06 51 07.73
0   4898.08344   4759.23155   2225.13616   2.8209109   0.3769508  -6.9881462 2026 01 14 06 51 27.73
0   4953.45833   4765.66924   2084.90303   2.7163346   0.2668578  -7.0346572 2026 01 14 06 51 47.73
0   5006.72678   4769.90691   1943.77002   2.6102735   0.1569574  -7.0781321 2026 01 14 06 52 07.73
0   5057.85954   4771.94893   1801.79803   2.5027741   0.0473012  -7.1185518 2026 01 14 06 52 27.73
0   5106.82832   4771.80070   1659.04836   2.3938835  -0.0620592  -7.1558988 2026 01 14 06 52 47.73
0   5153.60577   4769.46865   1515.58261   2.2836497  -0.1710726  -7.1901570 2026 01 14 06 53 07.73
0   5198.16553   4764.96022   1371.46272   2.1721214  -0.2796883  -7.2213114 2026 01 14 06 53 27.73
0   5240.48218   4758.28389   1226.75089   2.0593481  -0.3878556  -7.2493486 2026 01 14 06 53 47.73
0   5280.53134   4749.44911   1081.50960   1.9453798  -0.4955242  -7.2742565 2026 01 14 06 54 07.73
0   5318.28960   4738.46637    935.80153   1.8302674  -0.6026443  -7.2960244 2026 01 14 06 54 27.73
0   5353.73461   4725.34713    789.68959   1.7140622  -0.7091663  -7.3146429 2026 01 14 06 54 47.73
0   5386.84502   4710.10385    643.23684   1.5968164  -0.8150412  -7.3301041 2026 01 14 06 55 07.73
0   5417.60054   4692.74995    496.50650   1.4785825  -0.9202203  -7.3424016 2026 01 14 06 55 27.73
0   5445.98196   4673.29982    349.56190   1.3594138  -1.0246554  -7.3515300 2026 01 14 06 55 47.73
0   5471.97110   4651.76885    202.46645   1.2393640  -1.1282987  -7.3574858 2026 01 14 06 56 07.73
0   5495.55089   4628.17331     55.28363   1.1184874  -1.2311032  -7.3602665 2026 01 14 06 56 27.73
0   5516.70534   4602.53048    -91.92304   0.9968388  -1.3330220  -7.3598713 2026 01 14 06 56 47.73
0   5535.41956   4574.85851   -239.09005   0.8744734  -1.4340091  -7.3563007 2026 01 14 06 57 07.73
0   5551.67977   4545.17650   -386.15390   0.7514468  -1.5340190  -7.3495564 2026 01 14 06 57 27.73
0   5565.47331   4513.50444   -533.05116   0.6278151  -1.6330066  -7.3396419 2026 01 14 06 57 47.73
0   5576.78864   4479.86324   -679.71847   0.5036347  -1.7309277  -7.3265617 2026 01 14 06 58 07.73
0   5585.61535   4444.27464   -826.09257   0.3789624  -1.8277385  -7.3103221 2026 01 14 06 58 27.73
0   5591.94417   4406.76129   -972.11034   0.2538554  -1.9233961  -7.2909304 2026 01 14 06 58 47.73
0   5595.76699   4367.34669  -1117.70884   0.1283710  -2.0178580  -7.2683955 2026 01 14 06 59 07.73
0   5597.07684   4326.05515  -1262.82529   0.0025669  -2.1110827  -7.2427277 2026 01 14 06 59 27.73
0   5595.86789   4282.91183  -1407.39715  -0.1234989  -2.2030292  -7.2139386 2026 01 14 06 59 47.73
0   5592.13550   4237.94271  -1551.36213  -0.2497684  -2.2936574  -7.1820413 2026 01 14 07 00 07.73
0   5585.87617   4191.17454  -1694.65821  -0.3761833  -2.3829279  -7.1470500 2026 01 14 07 00 27.73
0   5577.08758   4142.63486  -1837.22365  -0.5026851  -2.4708019  -7.1089804 2026 01 14 07 00 47.73
0   5565.76857   4092.35199  -1978.99707  -0.6292153  -2.5572417  -7.0678498 2026 01 14 07 01 07.73
0   5551.91918   4040.35497  -2119.91742  -0.7557151  -2.6422103  -7.0236763 2026 01 14 07 01 27.73
0   5535.54058   3986.67360  -2259.92404  -0.8821259  -2.7256714  -6.9764799 2026 01 14 07 01 47.73
0   5516.63515   3931.33838  -2398.95668  -1.0083889  -2.8075897  -6.9262815 2026 01 14 07 02 07.73
0   5495.20643   3874.38051  -2536.95553  -1.1344454  -2.8879307  -6.8731034 2026 01 14 07 02 27.73
0   5471.25914   3815.83188  -2673.86123  -1.2602366  -2.9666608  -6.8169694 2026 01 14 07 02 47.73
0   5444.79917   3755.72503  -2809.61489  -1.3857038  -3.0437472  -6.7579043 2026 01 14 07 03 07.73
0   5415.83358   3694.09316  -2944.15817  -1.5107885  -3.1191582  -6.6959343 2026 01 14 07 03 27.73
0   5384.37062   3630.97008  -3077.43324  -1.6354320  -3.1928628  -6.6310868 2026 01 14 07 03 47.73
0   5350.41968   3566.39022  -3209.38283  -1.7595762  -3.2648310  -6.5633905 2026 01 14 07 04 07.73
0   5313.99135   3500.38860  -3339.95026  -1.8831627  -3.3350339  -6.4928754 2026 01 14 07 04 27.73
0   5275.09734   3433.00081  -3469.07946  -2.0061336  -3.4034433  -6.4195724 2026 01 14 07 04 47.73
0   5233.75055   3364.26300  -3596.71501  -2.1284311  -3.4700322  -6.3435139 2026 01 14 07 05 07.73
0   5189.96503   3294.21183  -3722.80211  -2.2499976  -3.5347743  -6.2647334 2026 01 14 07 05 27.73
0   5143.75596   3222.88449  -3847.28669  -2.3707760  -3.5976445  -6.1832654 2026 01 14 07 05 47.73
0   5095.13968   3150.31867  -3970.11533  -2.4907093  -3.6586187  -6.0991457 2026 01 14 07 06 07.73
0   5044.13365   3076.55251  -4091.23538  -2.6097409  -3.7176737  -6.0124112 2026 01 14 07 06 27.73
0   4990.75648   3001.62463  -4210.59491  -2.7278145  -3.7747872  -5.9230999 2026 01 14 07 06 47.73
0   4935.02787   2925.57407  -4328.14278  -2.8448742  -3.8299382  -5.8312508 2026 01 14 07 07 07.73
0   4876.96867   2848.44028  -4443.82864  -2.9608646  -3.8831066  -5.7369040 2026 01 14 07 07 27.73
0   4816.60081   2770.26310  -4557.60293  -3.0757307  -3.9342732  -5.6401008 2026 01 14 07 07 47.73
0   4753.94733   2691.08275  -4669.41695  -3.1894179  -3.9834199  -5.5408832 2026 01 14 07 08 07.73
0   4689.03233   2610.93981  -4779.22284  -3.3018721  -4.0305298  -5.4392945 2026 01 14 07 08 27.73
0   4621.88102   2529.87516  -4886.97362  -3.4130397  -4.0755868  -5.3353788 2026 01 14 07 08 47.73
0   4552.51966   2447.93003  -4992.62320  -3.5228678  -4.1185760  -5.2291814 2026 01 14 07 09 07.73
0   4480.97557   2365.14590  -5096.12640  -3.6313038  -4.1594834  -5.1207482 2026 01 14 07 09 27.73
0   4407.27710   2281.56454  -5197.43898  -3.7382959  -4.1982964  -5.0101262 2026 01 14 07 09 47.73
0   4331.45365   2197.22795  -5296.51763  -3.8437928  -4.2350030  -4.8973634 2026 01 14 07 10 07.73
0   4253.53563   2112.17839  -5393.32003  -3.9477438  -4.2695925  -4.7825084 2026 01 14 07 10 27.73
0   4173.55445   2026.45828  -5487.80482  -4.0500990  -4.3020552  -4.6656110 2026 01 14 07 10 47.73
0   4091.54254   1940.11024  -5579.93166  -4.1508090  -4.3323826  -4.5467215 2026 01 14 07 11 07.73
0   4007.53327   1853.17708  -5669.66123  -4.2498252  -4.3605669  -4.4258912 2026 01 14 07 11 27.73
0   3921.56100   1765.70170  -5756.95521  -4.3470997  -4.3866017  -4.3031721 2026 01 14 07 11 47.73
0   3833.66105   1677.72716  -5841.77636  -4.4425853  -4.4104816  -4.1786171 2026 01 14 07 12 07.73
0   3743.86965   1589.29661  -5924.08850  -4.5362357  -4.4322020  -4.0522796 2026 01 14 07 12 27.73
0   3652.22397   1500.45326  -6003.85652  -4.6280052  -4.4517596  -3.9242139 2026 01 14 07 12 47.73
0   3558.76207   1411.24040  -6081.04639  -4.7178490  -4.4691522  -3.7944749 2026 01 14 07 13 07.73
0   3463.52290   1321.70134  -6155.62522  -4.8057231  -4.4843783  -3.6631183 2026 01 14 07 13 27.73
0   3366.54631   1231.87943  -6227.56120  -4.8915843  -4.4974378  -3.5302003 2026 01 14 07 13 47.73
0   3267.87296   1141.81797  -6296.82367  -4.9753903  -4.5083314  -3.3957777 2026 01 14 07 14 07.73
0   3167.54437   1051.56029  -6363.38313  -5.0570997  -4.5170610  -3.2599080 2026 01 14 07 14 27.73
0   3065.60290    961.14962  -6427.21119  -5.1366720  -4.5236294  -3.1226492 2026 01 14 07 14 47.73
0   2962.09166    870.62916  -6488.28068  -5.2140676  -4.5280404  -2.9840600 2026 01 14 07 15 07.73
0   2857.05460    780.04201  -6546.56556  -5.2892477  -4.5302990  -2.8441994 2026 01 14 07 15 27.73
0   2750.53640    689.43115  -6602.04100  -5.3621746  -4.5304110  -2.7031271 2026 01 14 07 15 47.73
0   2642.58248    598.83946  -6654.68338  -5.4328116  -4.5283832  -2.5609031 2026 01 14 07 16 07.73
0   2533.23902    508.30966  -6704.47025  -5.5011228  -4.5242237  -2.4175880 2026 01 14 07 16 27.73
0   2422.55287    417.88428  -6751.38041  -5.5670735  -4.5179411  -2.2732427 2026 01 14 07 16 47.73
0   2310.57158    327.60571  -6795.39386  -5.6306298  -4.5095454  -2.1279285 2026 01 14 07 17 07.73
0   2197.34338    237.51608  -6836.49185  -5.6917590  -4.4990474  -1.9817074 2026 01 14 07 17 27.73
0   2082.91713    147.65734  -6874.65684  -5.7504293  -4.4864588  -1.8346412 2026 01 14 07 17 47.73
0   1967.34230     58.07116  -6909.87258  -5.8066101  -4.4717925  -1.6867926 2026 01 14 07 18 07.73
0   1850.66899    -31.20102  -6942.12403  -5.8602718  -4.4550619  -1.5382241 2026 01 14 07 18 27.73
0   1732.94787   -120.11807  -6971.39742  -5.9113859  -4.4362818  -1.3889989 2026 01 14 07 18 47.73
0   1614.23017   -208.63916  -6997.68026  -5.9599248  -4.4154677  -1.2391803 2026 01 14 07 19 07.73
0   1494.56765   -296.72376  -7020.96131  -6.0058624  -4.3926360  -1.0888316 2026 01 14 07 19 27.73
0   1374.01261   -384.33170  -7041.23060  -6.0491733  -4.3678041  -0.9380167 2026 01 14 07 19 47.73
0   1252.61780   -471.42315  -7058.47946  -6.0898336  -4.3409901  -0.7867995 2026 01 14 07 20 07.73
0   1130.43649   -557.95865  -7072.70046  -6.1278203  -4.3122134  -0.6352440 2026 01 14 07 20 27.73
0   1007.52235   -643.89916  -7083.88750  -6.1631116  -4.2814937  -0.4834145 2026 01 14 07 20 47.73
0    883.92952   -729.20602  -7092.03573  -6.1956869  -4.2488520  -0.3313752 2026 01 14 07 21 07.73
0    759.71249   -813.84100  -7097.14160  -6.2255268  -4.2143100  -0.1791906 2026 01 14 07 21 27.73
0    634.92618   -897.76633  -7099.20284  -6.2526130  -4.1778903  -0.0269251 2026 01 14 07 21 47.73
0    509.62582   -980.94467  -7098.21850  -6.2769286  -4.1396161   0.1253567 2026 01 14 07 22 07.73
0    383.86698  -1063.33918  -7094.18888  -6.2984575  -4.0995117   0.2775903 2026 01 14 07 22 27.73
0    257.70556  -1144.91351  -7087.11559  -6.3171853  -4.0576020   0.4297113 2026 01 14 07 22 47.73
0    131.19770  -1225.63180  -7077.00154  -6.3330985  -4.0139128   0.5816550 2026 01 14 07 23 07.73
0      4.39983  -1305.45873  -7063.85091  -6.3461848  -3.9684706   0.7333572 2026 01 14 07 23 27.73
0   -122.63141  -1384.35951  -7047.66917  -6.3564335  -3.9213027   0.8847534 2026 01 14 07 23 47.73
0   -249.83916  -1462.29990  -7028.46309  -6.3638348  -3.8724372   1.0357795 2026 01 14 07 24 07.73
0   -377.16638  -1539.24624  -7006.24072  -6.3683802  -3.8219027   1.1863713 2026 01 14 07 24 27.73
0   -504.55590  -1615.16544  -6981.01138  -6.3700626  -3.7697288   1.3364650 2026 01 14 07 24 47.73
0   -631.95038  -1690.02501  -6952.78566  -6.3688761  -3.7159456   1.4859966 2026 01 14 07 25 07.73
0   -759.29240  -1763.79308  -6921.57546  -6.3648160  -3.6605840   1.6349027 2026 01 14 07 25 27.73
0   -886.52444  -1836.43839  -6887.39390  -6.3578790  -3.6036755   1.7831200 2026 01 14 07 25 47.73
0  -1013.58896  -1907.93032  -6850.25541  -6.3480629  -3.5452523   1.9305853 2026 01 14 07 26 07.73
0  -1140.42835  -1978.23891  -6810.17564  -6.3353670  -3.4853473   2.0772359 2026 01 14 07 26 27.73
0  -1266.98502  -2047.33485  -6767.17152  -6.3197918  -3.4239937   2.2230093 2026 01 14 07 26 47.73
0  -1393.20140  -2115.18952  -6721.26121  -6.3013390  -3.3612258   2.3678434 2026 01 14 07 27 07.73
0  -1519.01997  -2181.77496  -6672.46413  -6.2800118  -3.2970782   2.5116763 2026 01 14 07 27 27.73
0  -1644.38328  -2247.06394  -6620.80091  -6.2558146  -3.2315860   2.6544466 2026 01 14 07 27 47.73
0  -1769.23399  -2311.02992  -6566.29340  -6.2287529  -3.1647851   2.7960934 2026 01 14 07 28 07.73
0  -1893.51488  -2373.64710  -6508.96471  -6.1988339  -3.0967117   2.9365559 2026 01 14 07 28 27.73
0  -2017.16887  -2434.89038  -6448.83909  -6.1660659  -3.0274027   3.0757740 2026 01 14 07 28 47.73
0  -2140.13908  -2494.73543  -6385.94206  -6.1304583  -2.9568954   3.2136882 2026 01 14 07 29 07.73
0  -2262.36883  -2553.15866  -6320.30027  -6.0920222  -2.8852277   3.3502392 2026 01 14 07 29 27.73
0  -2383.80167  -2610.13724  -6251.94158  -6.0507697  -2.8124379   3.4853683 2026 01 14 07 29 47.73
0  -2504.38140  -2665.64913  -6180.89500  -6.0067144  -2.7385646   3.6190176 2026 01 14 07 30 07.73
0  -2624.05212  -2719.67303  -6107.19072  -5.9598711  -2.6636472   3.7511295 2026 01 14 07 30 27.73
0  -2742.75821  -2772.18847  -6030.86004  -5.9102560  -2.5877251   3.8816471 2026 01 14 07 30 47.73
0  -2860.44442  -2823.17575  -5951.93543  -5.8578863  -2.5108385   4.0105142 2026 01 14 07 31 07.73
0  -2977.05585  -2872.61598  -5870.45044  -5.8027810  -2.4330275   4.1376750 2026 01 14 07 31 27.73
0  -3092.53797  -2920.49108  -5786.43976  -5.7449598  -2.3543331   4.2630746 2026 01 14 07 31 47.73
0  -3206.83668  -2966.78380  -5699.93915  -5.6844443  -2.2747961   4.3866588 2026 01 14 07 32 07.73
0  -3319.89831  -3011.47769  -5610.98546  -5.6212569  -2.1944581   4.5083740 2026 01 14 07 32 27.73
0  -3431.66968  -3054.55716  -5519.61659  -5.5554215  -2.1133607   4.6281675 2026 01 14 07 32 47.73
0  -3542.09806  -3096.00743  -5425.87151  -5.4869632  -2.0315458   4.7459872 2026 01 14 07 33 07.73
0  -3651.13125  -3135.81457  -5329.79020  -5.4159083  -1.9490557   4.8617819 2026 01 14 07 33 27.73
0  -3758.71762  -3173.96551  -5231.41367  -5.3422847  -1.8659328   4.9755012 2026 01 14 07 33 47.73
0  -3864.80605  -3210.44801  -5130.78392  -5.2661210  -1.7822198   5.0870955 2026 01 14 07 34 07.73
0  -3969.34606  -3245.25071  -5027.94395  -5.1874475  -1.6979595   5.1965162 2026 01 14 07 34 27.73
0  -4072.28776  -3278.36308  -4922.93770  -5.1062954  -1.6131950   5.3037153 2026 01 14 07 34 47.73
0  -4173.58190  -3309.77548  -4815.81007  -5.0226975  -1.5279695   5.4086461 2026 01 14 07 35 07.73
0  -4273.17990  -3339.47912  -4706.60690  -4.9366874  -1.4423262   5.5112626 2026 01 14 07 35 27.73
0  -4371.03386  -3367.46607  -4595.37492  -4.8483000  -1.3563087   5.6115196 2026 01 14 07 35 47.73
0  -4467.09661  -3393.72929  -4482.16177  -4.7575717  -1.2699605   5.7093733 2026 01 14 07 36 07.73
0  -4561.32168  -3418.26260  -4367.01593  -4.6645397  -1.1833250   5.8047805 2026 01 14 07 36 27.73
0  -4653.66339  -3441.06068  -4249.98677  -4.5692424  -1.0964461   5.8976993 2026 01 14 07 36 47.73
0  -4744.07684  -3462.11912  -4131.12446  -4.4717195  -1.0093673   5.9880887 2026 01 14 07 37 07.73
0  -4832.51791  -3481.43434  -4010.48000  -4.3720117  -0.9221322   6.0759088 2026 01 14 07 37 27.73
0  -4918.94332  -3499.00366  -3888.10515  -4.2701610  -0.8347847   6.1611207 2026 01 14 07 37 47.73
0  -5003.31064  -3514.82527  -3764.05247  -4.1662102  -0.7473682   6.2436867 2026 01 14 07 38 07.73
0  -5085.57831  -3528.89822  -3638.37522  -4.0602033  -0.6599262   6.3235703 2026 01 14 07 38 27.73
0  -5165.70566  -3541.22243  -3511.12743  -3.9521856  -0.5725023   6.4007360 2026 01 14 07 38 47.73
0  -5243.65293  -3551.79871  -3382.36380  -3.8422030  -0.4851398   6.4751494 2026 01 14 07 39 07.73
0  -5319.38129  -3560.62871  -3252.13970  -3.7303027  -0.3978819   6.5467775 2026 01 14 07 39 27.73
0  -5392.85287  -3567.71496  -3120.51115  -3.6165330  -0.3107716   6.6155883 2026 01 14 07 39 47.73
0  -5464.03076  -3573.06083  -2987.53482  -3.5009429  -0.2238519   6.6815512 2026 01 14 07 40 07.73
0  -5532.87907  -3576.67056  -2853.26796  -3.3835824  -0.1371654   6.7446366 2026 01 14 07 40 27.73
0  -5599.36289  -3578.54925  -2717.76840  -3.2645027  -0.0507546   6.8048164 2026 01 14 07 40 47.73
0  -5663.44836  -3578.70284  -2581.09453  -3.1437556   0.0353382   6.8620636 2026 01 14 07 41 07.73
0  -5725.10265  -3577.13809  -2443.30526  -3.0213941   0.1210712   6.9163524 2026 01 14 07 41 27.73
0  -5784.29401  -3573.86263  -2304.45999  -2.8974717   0.2064025   6.9676586 2026 01 14 07 41 47.73
0  -5840.99176  -3568.88491  -2164.61863  -2.7720430   0.2912909   7.0159589 2026 01 14 07 42 07.73
0  -5895.16634  -3562.21418  -2023.84150  -2.6451633   0.3756953   7.0612316 2026 01 14 07 42 27.73
0  -5946.78929  -3553.86055  -1882.18936  -2.5168889   0.4595749   7.1034563 2026 01 14 07 42 47.73
0  -5995.83327  -3543.83490  -1739.72336  -2.3872766   0.5428896   7.1426139 2026 01 14 07 43 07.73
0  -6042.27211  -3532.14894  -1596.50504  -2.2563840   0.6255992   7.1786866 2026 01 14 07 43 27.73
0  -6086.08078  -3518.81517  -1452.59624  -2.1242696   0.7076643   7.2116581 2026 01 14 07 43 47.73
0  -6127.23543  -3503.84686  -1308.05916  -1.9909922   0.7890458   7.2415133 2026 01 14 07 44 07.73
0  -6165.71340  -3487.25808  -1162.95624  -1.8566117   0.8697051   7.2682386 2026 01 14 07 44 27.73
0  -6201.49323  -3469.06366  -1017.35023  -1.7211884   0.9496040   7.2918217 2026 01 14 07 44 47.73
0  -6234.55468  -3449.27917   -871.30406  -1.5847831   1.0287047   7.3122519 2026 01 14 07 45 07.73
0  -6264.87870  -3427.92095   -724.88089  -1.4474574   1.1069702   7.3295197 2026 01 14 07 45 27.73
0  -6292.44753  -3405.00608   -578.14406  -1.3092732   1.1843639   7.3436170 2026 01 14 07 45 47.73
0  -6317.24460  -3380.55236   -431.15704  -1.1702930   1.2608496   7.3545373 2026 01 14 07 46 07.73
0  -6339.25463  -3354.57829   -283.98343  -1.0305799   1.3363918   7.3622753 2026 01 14 07 46 27.73
0  -6358.46359  -3327.10311   -136.68692  -0.8901973   1.4109556   7.3668273 2026 01 14 07 46 47.73
0  -6374.85874  -3298.14671     10.66876  -0.7492090   1.4845067   7.3681910 2026 01 14 07 47 07.73
0  -6388.42860  -3267.72970    158.01982  -0.6076792   1.5570115   7.3663654 2026 01 14 07 47 27.73
0  -6399.16298  -3235.87333    305.30247  -0.4656725   1.6284368   7.3613510 2026 01 14 07 47 47.73
0  -6407.05299  -3202.59951    452.45297  -0.3232539   1.6987503   7.3531498 2026 01 14 07 48 07.73
0  -6412.09106  -3167.93081    599.40760  -0.1804884   1.7679202   7.3417651 2026 01 14 07 48 27.73
0  -6414.27088  -3131.89040    746.10275  -0.0374414   1.8359156   7.3272018 2026 01 14 07 48 47.73
0  -6413.58749  -3094.50207    892.47489   0.1058214   1.9027061   7.3094660 2026 01 14 07 49 07.73
0  -6410.03724  -3055.79023   1038.46065   0.2492341   1.9682621   7.2885654 2026 01 14 07 49 27.73
0  -6403.61777  -3015.77986   1183.99682   0.3927309   2.0325547   7.2645090 2026 01 14 07 49 47.73
0  -6394.32808  -2974.49650   1329.02040   0.5362457   2.0955558   7.2373074 2026 01 14 07 50 07.73
0  -6382.16845  -2931.96625   1473.46859   0.6797123   2.1572381   7.2069723 2026 01 14 07 50 27.73
0  -6367.14052  -2888.21577   1617.27885   0.8230645   2.2175750   7.1735171 2026 01 14 07 50 47.73
0  -6349.24724  -2843.27221   1760.38893   0.9662361   2.2765408   7.1369564 2026 01 14 07 51 07.73
0  -6328.49288  -2797.16326   1902.73686   1.1091609   2.3341103   7.0973063 2026 01 14 07 51 27.73
0  -6304.88304  -2749.91708   2044.26105   1.2517727   2.3902594   7.0545843 2026 01 14 07 51 47.73
0  -6278.42464  -2701.56232   2184.90023   1.3940055   2.4449648   7.0088090 2026 01 14 07 52 07.73
0  -6249.12592  -2652.12807   2324.59353   1.5357934   2.4982040   6.9600008 2026 01 14 07 52 27.73
0  -6216.99643  -2601.64388   2463.28052   1.6770705   2.5499553   6.9081810 2026 01 14 07 52 47.73
0  -6182.04705  -2550.13971   2600.90118   1.8177712   2.6001978   6.8533726 2026 01 14 07 53 07.73
0  -6144.28996  -2497.64595   2737.39599   1.9578302   2.6489115   6.7955998 2026 01 14 07 53 27.73
0  -6103.73864  -2444.19336   2872.70590   2.0971822   2.6960775   6.7348879 2026 01 14 07 53 47.73
0  -6060.40789  -2389.81307   3006.77240   2.2357625   2.7416775   6.6712637 2026 01 14 07 54 07.73
0  -6014.31379  -2334.53659   3139.53753   2.3735065   2.7856941   6.6047555 2026 01 14 07 54 27.73
0  -5965.47370  -2278.39575   3270.94388   2.5103501   2.8281109   6.5353924 2026 01 14 07 54 47.73
0  -5913.90627  -2221.42270   3400.93468   2.6462292   2.8689123   6.4632050 2026 01 14 07 55 07.73
0  -5859.63142  -2163.64990   3529.45375   2.7810807   2.9080838   6.3882252 2026 01 14 07 55 27.73
0  -5802.67035  -2105.11008   3656.44557   2.9148414   2.9456115   6.3104861 2026 01 14 07 55 47.73
0  -5743.04548  -2045.83626   3781.85529   3.0474490   2.9814827   6.2300218 2026 01 14 07 56 07.73
0  -5680.78051  -1985.86167   3905.62876   3.1788413   3.0156854   6.1468678 2026 01 14 07 56 27.73
0  -5615.90035  -1925.21981   4027.71256   3.3089570   3.0482087   6.0610607 2026 01 14 07 56 47.73
0  -5548.43115  -1863.94436   4148.05399   3.4377351   3.0790424   5.9726383 2026 01 14 07 57 07.73
0  -5478.40027  -1802.06921   4266.60114   3.5651153   3.1081775   5.8816395 2026 01 14 07 57 27.73
0  -5405.83625  -1739.62841   4383.30288   3.6910379   3.1356057   5.7881041 2026 01 14 07 57 47.73
0  -5330.76885  -1676.65618   4498.10888   3.8154438   3.1613196   5.6920734 2026 01 14 07 58 07.73
0  -5253.22899  -1613.18687   4610.96966   3.9382747   3.1853130   5.5935894 2026 01 14 07 58 27.73
0  -5173.24873  -1549.25495   4721.83657   4.0594730   3.2075804   5.4926954 2026 01 14 07 58 47.73
0  -5090.86130  -1484.89498   4830.66188   4.1789816   3.2281172   5.3894356 2026 01 14 07 59 07.73
0  -5006.10107  -1420.14161   4937.39869   4.2967443   3.2469198   5.2838552 2026 01 14 07 59 27.73
0  -4919.00351  -1355.02955   5042.00108   4.4127058   3.2639856   5.1760004 2026 01 14 07 59 47.73
0  -4829.60517  -1289.59356   5144.42401   4.5268115   3.2793128   5.0659185 2026 01 14 08 00 07.73
0  -4737.94374  -1223.86843   5244.62343   4.6390076   3.2929006   4.9536574 2026 01 14 08 00 27.73
0  -4644.05791  -1157.88893   5342.55623   4.7492411   3.3047489   4.8392663 2026 01 14 08 00 47.73
0  -4547.98748  -1091.68986   5438.18033   4.8574600   3.3148589   4.7227951 2026 01 14 08 01 07.73
0  -4449.77324  -1025.30596   5531.45462   4.9636132   3.3232323   4.6042946 2026 01 14 08 01 27.73
0  -4349.45701   -958.77194   5622.33903   5.0676506   3.3298719   4.4838163 2026 01 14 08 01 47.73
0  -4247.08161   -892.12243   5710.79453   5.1695227   3.3347815   4.3614128 2026 01 14 08 02 07.73
0  -4142.69081   -825.39200   5796.78315   5.2691814   3.3379655   4.2371373 2026 01 14 08 02 27.73
0  -4036.32937   -758.61510   5880.26798   5.3665794   3.3394295   4.1110437 2026 01 14 08 02 47.73
0  -3928.04297   -691.82608   5961.21322   5.4616703   3.3391797   3.9831870 2026 01 14 08 03 07.73
0  -3817.87820   -625.05913   6039.58414   5.5544089   3.3372233   3.8536226 2026 01 14 08 03 27.73
0  -3705.88255   -558.34831   6115.34717   5.6447510   3.3335684   3.7224066 2026 01 14 08 03 47.73
0  -3592.10438   -491.72750   6188.46983   5.7326535   3.3282239   3.5895959 2026 01 14 08 04 07.73
0  -3476.59291   -425.23040   6258.92081   5.8180744   3.3211995   3.4552480 2026 01 14 08 04 27.73
0  -3359.39818   -358.89051   6326.66994   5.9009726   3.3125058   3.3194211 2026 01 14 08 04 47.73
0  -3240.57104   -292.74109   6391.68822   5.9813085   3.3021543   3.1821739 2026 01 14 08 05 07.73
0  -3120.16314   -226.81518   6453.94785   6.0590433   3.2901571   3.0435656 2026 01 14 08 05 27.73
0  -2998.22686   -161.14556   6513.42221   6.1341395   3.2765273   2.9036562 2026 01 14 08 05 47.73
0  -2874.81535    -95.76476   6570.08586   6.2065608   3.2612788   2.7625059 2026 01 14 08 06 07.73
0  -2749.98246    -30.70499   6623.91460   6.2762721   3.2444262   2.6201756 2026 01 14 08 06 27.73
0  -2623.78273     34.00181   6674.88545   6.3432394   3.2259848   2.4767267 2026 01 14 08 06 47.73
0  -2496.27136     98.32402   6722.97665   6.4074300   3.2059710   2.3322209 2026 01 14 08 07 07.73
0  -2367.50421    162.23037   6768.16767   6.4688124   3.1844015   2.1867203 2026 01 14 08 07 27.73
0  -2237.53775    225.68992   6810.43926   6.5273564   3.1612941   2.0402876 2026 01 14 08 07 47.73
0  -2106.42904    288.67209   6849.77340   6.5830330   3.1366672   1.8929857 2026 01 14 08 08 07.73
0  -1974.23570    351.14668   6886.15333   6.6358145   3.1105399   1.7448779 2026 01 14 08 08 27.73
0  -1841.01590    413.08389   6919.56358   6.6856744   3.0829320   1.5960277 2026 01 14 08 08 47.73
0  -1706.82833    474.45429   6949.98993   6.7325877   3.0538641   1.4464990 2026 01 14 08 09 07.73
0  -1571.73216    535.22892   6977.41946   6.7765305   3.0233574   1.2963561 2026 01 14 08 09 27.73
0  -1435.78703    595.37920   7001.84052   6.8174803   2.9914338   1.1456631 2026 01 14 08 09 47.73
0  -1299.05301    654.87703   7023.24275   6.8554159   2.9581158   0.9944848 2026 01 14 08 10 07.73
0  -1161.59059    713.69474   7041.61711   6.8903175   2.9234265   0.8428858 2026 01 14 08 10 27.73
0  -1023.46062    771.80515   7056.95582   6.9221665   2.8873899   0.6909311 2026 01 14 08 10 47.73
0   -884.72435    829.18155   7069.25243   6.9509458   2.8500303   0.5386858 2026 01 14 08 11 07.73
0   -745.44332    885.79774   7078.50176   6.9766397   2.8113727   0.3862151 2026 01 14 08 11 27.73
0   -605.67939    941.62801   7084.69996   6.9992336   2.7714427   0.2335841 2026 01 14 08 11 47.73
0   -465.49469    996.64716   7087.84449   7.0187145   2.7302665   0.0808581 2026 01 14 08 12 07.73
