0   7831.05404    -30.17820     -0.00613   0.0036569   1.9271826   6.6810352 2026 01 14 05 27 16.82
0   7829.89045      8.36933    133.60704  -0.1200168   1.9275324   6.6799227 2026 01 14 05 27 36.82
0   7826.25368     46.92110    267.17571  -0.2436538   1.9276063   6.6765853 2026 01 14 05 27 56.82
0   7820.14489     85.47158    400.65539  -0.3672138   1.9274042   6.6710239 2026 01 14 05 28 16.82
0   7811.56600    124.01527    534.00162  -0.4906567   1.9269257   6.6632403 2026 01 14 05 28 36.82
0   7800.51977    162.54662    667.16998  -0.6139422   1.9261707   6.6532371 2026 01 14 05 28 56.82
0   7787.00974    201.06010    800.11610  -0.7370302   1.9251388   6.6410175 2026 01 14 05 29 16.82
0   7771.04027    239.55018    932.79570  -0.8598808   1.9238298   6.6265854 2026 01 14 05 29 36.82
0   7752.61650    278.01130   1065.16458  -0.9824538   1.9222432   6.6099457 2026 01 14 05 29 56.82
0   7731.74438    316.43792   1197.17863  -1.1047094   1.9203787   6.5911038 2026 01 14 05 30 16.82
0   7708.43066    354.82447   1328.79388  -1.2266078   1.9182360   6.5700660 2026 01 14 05 30 36.82
0   7682.68287    393.16538   1459.96647  -1.3481093   1.9158147   6.5468392 2026 01 14 05 30 56.82
0   7654.50936    431.45507   1590.65270  -1.4691745   1.9131142   6.5214312 2026 01 14 05 31 16.82
0   7623.91924    469.68797   1720.80904  -1.5897639   1.9101343   6.4938504 2026 01 14 05 31 36.82
0   7590.92243    507.85846   1850.39211  -1.7098384   1.9068743   6.4641060 2026 01 14 05 31 56.82
0   7555.52960    545.96096   1979.35874  -1.8293588   1.9033339   6.4322080 2026 01 14 05 32 16.82
0   7517.75223    583.98984   2107.66597  -1.9482863   1.8995126   6.3981670 2026 01 14 05 32 36.82
0   7477.60256    621.93949   2235.27104  -2.0665824   1.8954098   6.3619944 2026 01 14 05 32 56.82
0   7435.09361    659.80426   2362.13145  -2.1842085   1.8910250   6.3237022 2026 01 14 05 33 16.82
0   7390.23916    697.57852   2488.20493  -2.3011265   1.8863576   6.2833032 2026 01 14 05 33 36.82
0   7343.05375    735.25660   2613.44948  -2.4172984   1.8814071   6.2408110 2026 01 14 05 33 56.82
0   7293.55268    772.83283   2737.82337  -2.5326865   1.8761729   6.1962398 2026 01 14 05 34 16.82
0   7241.75200    810.30155   2861.28517  -2.6472533   1.8706545   6.1496045 2026 01 14 05 34 36.82
0   7187.66850    847.65705   2983.79377  -2.7609619   1.8648511   6.1009207 2026 01 14 05 34 56.82
0   7131.31973    884.89363   3105.30834  -2.8737751   1.8587622   6.0502046 2026 01 14 05 35 16.82
0   7072.72395    922.00557   3225.78841  -2.9856567   1.8523872   5.9974733 2026 01 14 05 35 36.82
0   7011.90015    958.98715   3345.19385  -3.0965702   1.8457253   5.9427445 2026 01 14 05 35 56.82
0   6948.86807    995.83262   3463.48489  -3.2064799   1.8387761   5.8860363 2026 01 14 05 36 16.82
0   6883.64813   1032.53623   3580.62214  -3.3153501   1.8315387   5.8273678 2026 01 14 05 36 36.82
0   6816.26147   1069.09221   3696.56658  -3.4231458   1.8240126   5.7667587 2026 01 14 05 36 56.82
0   6746.72993   1105.49478   3811.27961  -3.5298319   1.8161970   5.7042291 2026 01 14 05 37 16.82
0   6675.07605   1141.73813   3924.72301  -3.6353742   1.8080913   5.6398001 2026 01 14 05 37 36.82
0   6601.32305   1177.81647   4036.85903  -3.7397386   1.7996948   5.5734932 2026 01 14 05 37 56.82
0   6525.49482   1213.72397   4147.65031  -3.8428913   1.7910069   5.5053304 2026 01 14 05 38 16.82
0   6447.61593   1249.45479   4257.05997  -3.9447992   1.7820267   5.4353348 2026 01 14 05 38 36.82
0   6367.71160   1285.00308   4365.05159  -4.0454295   1.7727537   5.3635295 2026 01 14 05 38 56.82
0   6285.80771   1320.36298   4471.58920  -4.1447497   1.7631871   5.2899387 2026 01 14 05 39 16.82
0   6201.93078   1355.52861   4576.63735  -4.2427279   1.7533263   5.2145868 2026 01 14 05 39 36.82
0   6116.10797   1390.49407   4680.16107  -4.3393327   1.7431706   5.1374991 2026 01 14 05 39 56.82
0   6028.36705   1425.25347   4782.12588  -4.4345330   1.7327193   5.0587014 2026 01 14 05 40 16.82
0   5938.73643   1459.80088   4882.49787  -4.5282982   1.7219717   4.9782199 2026 01 14 05 40 36.82
0   5847.24510   1494.13038   4981.24360  -4.6205984   1.7109272   4.8960814 2026 01 14 05 40 56.82
0   5753.92266   1528.23601   5078.33023  -4.7114040   1.6995851   4.8123134 2026 01 14 05 41 16.82
0   5658.79930   1562.11182   5173.72544  -4.8006859   1.6879448   4.7269438 2026 01 14 05 41 36.82
0   5561.90577   1595.75184   5267.39748  -4.8884155   1.6760057   4.6400011 2026 01 14 05 41 56.82
0   5463.27340   1629.15008   5359.31517  -4.9745649   1.6637670   4.5515143 2026 01 14 05 42 16.82
0   5362.93408   1662.30055   5449.44793  -5.0591065   1.6512283   4.4615128 2026 01 14 05 42 36.82
0   5260.92022   1695.19725   5537.76577  -5.1420134   1.6383890   4.3700266 2026 01 14 05 42 56.82
0   5157.26479   1727.83414   5624.23928  -5.2232591   1.6252484   4.2770861 2026 01 14 05 43 16.82
0   5052.00128   1760.20521   5708.83971  -5.3028179   1.6118060   4.1827224 2026 01 14 05 43 36.82
0   4945.16366   1792.30441   5791.53889  -5.3806644   1.5980614   4.0869668 2026 01 14 05 43 56.82
0   4836.78645   1824.12569   5872.30930  -5.4567739   1.5840139   3.9898512 2026 01 14 05 44 16.82
0   4726.90461   1855.66299   5951.12406  -5.5311223   1.5696632   3.8914078 2026 01 14 05 44 36.82
0   4615.55361   1886.91023   6027.95696  -5.6036860   1.5550087   3.7916694 2026 01 14 05 44 56.82
0   4502.76938   1917.86135   6102.78241  -5.6744420   1.5400502   3.6906692 2026 01 14 05 45 16.82
0   4388.58829   1948.51025   6175.57552  -5.7433680   1.5247870   3.5884406 2026 01 14 05 45 36.82
0   4273.04715   1978.85085   6246.31205  -5.8104422   1.5092190   3.4850177 2026 01 14 05 45 56.82
0   4156.18323   2008.87702   6314.96847  -5.8756434   1.4933458   3.3804347 2026 01 14 05 46 16.82
0   4038.03419   2038.58269   6381.52191  -5.9389511   1.4771671   3.2747265 2026 01 14 05 46 36.82
0   3918.63809   2067.96171   6445.95023  -6.0003454   1.4606826   3.1679280 2026 01 14 05 46 56.82
0   3798.03340   2097.00799   6508.23197  -6.0598071   1.4438922   3.0600747 2026 01 14 05 47 16.82
0   3676.25895   2125.71540   6568.34639  -6.1173174   1.4267956   2.9512024 2026 01 14 05 47 36.82
0   3553.35397   2154.07782   6626.27348  -6.1728584   1.4093929   2.8413471 2026 01 14 05 47 56.82
0   3429.35800   2182.08912   6681.99394  -6.2264127   1.3916837   2.7305454 2026 01 14 05 48 16.82
0   3304.31095   2209.74317   6735.48920  -6.2779636   1.3736683   2.6188338 2026 01 14 05 48 36.82
0   3178.25306   2237.03384   6786.74144  -6.3274950   1.3553465   2.5062495 2026 01 14 05 48 56.82
0   3051.22486   2263.95502   6835.73357  -6.3749915   1.3367184   2.3928297 2026 01 14 05 49 16.82
0   2923.26720   2290.50057   6882.44927  -6.4204384   1.3177842   2.2786120 2026 01 14 05 49 36.82
0   2794.42121   2316.66438   6926.87295  -6.4638217   1.2985440   2.1636342 2026 01 14 05 49 56.82
0   2664.72831   2342.44032   6968.98979  -6.5051278   1.2789981   2.0479344 2026 01 14 05 50 16.82
0   2534.23017   2367.82229   7008.78573  -6.5443442   1.2591467   1.9315509 2026 01 14 05 50 36.82
0   2402.96870   2392.80418   7046.24748  -6.5814587   1.2389903   1.8145222 2026 01 14 05 50 56.82
0   2270.98605   2417.37990   7081.36254  -6.6164600   1.2185292   1.6968871 2026 01 14 05 51 16.82
0   2138.32460   2441.54335   7114.11915  -6.6493374   1.1977640   1.5786845 2026 01 14 05 51 36.82
0   2005.02692   2465.28845   7144.50636  -6.6800809   1.1766951   1.4599534 2026 01 14 05 51 56.82
0   1871.13579   2488.60915   7172.51399  -6.7086812   1.1553232   1.3407333 2026 01 14 05 52 16.82
0   1736.69416   2511.49938   7198.13265  -6.7351298   1.1336491   1.2210635 2026 01 14 05 52 36.82
0   1601.74514   2533.95311   7221.35376  -6.7594186   1.1116734   1.1009836 2026 01 14 05 52 56.82
0   1466.33201   2555.96432   7242.16950  -6.7815405   1.0893969   0.9805334 2026 01 14 05 53 16.82
0   1330.49816   2577.52699   7260.57286  -6.8014890   1.0668208   0.8597528 2026 01 14 05 53 36.82
0   1194.28712   2598.63516   7276.55764  -6.8192582   1.0439458   0.7386816 2026 01 14 05 53 56.82
0   1057.74254   2619.28284   7290.11843  -6.8348431   1.0207731   0.6173600 2026 01 14 05 54 16.82
0    920.90814   2639.46410   7301.25062  -6.8482392   0.9973039   0.4958281 2026 01 14 05 54 36.82
0    783.82774   2659.17302   7309.95041  -6.8594428   0.9735394   0.3741261 2026 01 14 05 54 56.82
0    646.54522   2678.40371   7316.21479  -6.8684509   0.9494810   0.2522944 2026 01 14 05 55 16.82
0    509.10451   2697.15030   7320.04158  -6.8752612   0.9251300   0.1303732 2026 01 14 05 55 36.82
0    371.54959   2715.40695   7321.42938  -6.8798722   0.9004879   0.0084030 2026 01 14 05 55 56.82
0    233.92445   2733.16786   7320.37764  -6.8822829   0.8755565  -0.1135760 2026 01 14 05 56 16.82
0     96.27310   2750.42727   7316.88656  -6.8824932   0.8503373  -0.2355232 2026 01 14 05 56 36.82
0    -41.36046   2767.17942   7310.95720  -6.8805036   0.8248322  -0.3573983 2026 01 14 05 56 56.82
0   -178.93224   2783.41863   7302.59140  -6.8763154   0.7990431  -0.4791609 2026 01 14 05 57 16.82
0   -316.39828   2799.13924   7291.79181  -6.8699306   0.7729719  -0.6007706 2026 01 14 05 57 36.82
0   -453.71468   2814.33561   7278.56189  -6.8613517   0.7466208  -0.7221871 2026 01 14 05 57 56.82
0   -590.83759   2829.00218   7262.90591  -6.8505821   0.7199919  -0.8433702 2026 01 14 05 58 16.82
0   -727.72324   2843.13341   7244.82894  -6.8376260   0.6930875  -0.9642796 2026 01 14 05 58 36.82
0   -864.32794   2856.72381   7224.33686  -6.8224881   0.6659101  -1.0848752 2026 01 14 05 58 56.82
0  -1000.60811   2869.76796   7201.43634  -6.8051739   0.6384622  -1.2051171 2026 01 14 05 59 16.82
0  -1136.52029   2882.26046   7176.13486  -6.7856896   0.6107464  -1.3249651 2026 01 14 05 59 36.82
0  -1272.02113   2894.19599   7148.44069  -6.7640420   0.5827653  -1.4443797 2026 01 14 05 59 56.82
0  -1407.06746   2905.56927   7118.36290  -6.7402387   0.5545220  -1.5633209 2026 01 14 06 00 16.82
0  -1541.61623   2916.37508   7085.91135  -6.7142880   0.5260193  -1.6817494 2026 01 14 06 00 36.82
0  -1675.62460   2926.60827   7051.09669  -6.6861989   0.4972603  -1.7996257 2026 01 14 06 00 56.82
0  -1809.04987   2936.26374   7013.93036  -6.6559810   0.4682481  -1.9169105 2026 01 14 06 01 16.82
0  -1941.84959   2945.33646   6974.42457  -6.6236447   0.4389862  -2.0335649 2026 01 14 06 01 36.82
0  -2073.98150   2953.82147   6932.59232  -6.5892010   0.4094779  -2.1495500 2026 01 14 06 01 56.82
0  -2205.40356   2961.71388   6888.44740  -6.5526617   0.3797267  -2.2648271 2026 01 14 06 02 16.82
0  -2336.07398   2969.00887   6842.00433  -6.5140391   0.3497364  -2.3793578 2026 01 14 06 02 36.82
0  -2465.95122   2975.70169   6793.27843  -6.4733463   0.3195107  -2.4931039 2026 01 14 06 02 56.82
0  -2594.99403   2981.78767   6742.28578  -6.4305970   0.2890536  -2.6060274 2026 01 14 06 03 16.82
0  -2723.16141   2987.26223   6689.04321  -6.3858058   0.2583690  -2.7180906 2026 01 14 06 03 36.82
0  -2850.41267   2992.12085   6633.56828  -6.3389876   0.2274611  -2.8292560 2026 01 14 06 03 56.82
0  -2976.70744   2996.35912   6575.87934  -6.2901581   0.1963343  -2.9394866 2026 01 14 06 04 16.82
0  -3102.00564   2999.97270   6515.99544  -6.2393339   0.1649929  -3.0487453 2026 01 14 06 04 36.82
0  -3226.26756   3002.95733   6453.93639  -6.1865319   0.1334414  -3.1569957 2026 01 14 06 04 56.82
0  -3349.45380   3005.30888   6389.72273  -6.1317698   0.1016845  -3.2642015 2026 01 14 06 05 16.82
0  -3471.52537   3007.02327   6323.37569  -6.0750660   0.0697271  -3.3703268 2026 01 14 06 05 36.82
0  -3592.44360   3008.09654   6254.91725  -6.0164395   0.0375739  -3.4753360 2026 01 14 06 05 56.82
0  -3712.17024   3008.52484   6184.37009  -5.9559097   0.0052302  -3.5791938 2026 01 14 06 06 16.82
0  -3830.66742   3008.30440   6111.75757  -5.8934971  -0.0272990  -3.6818653 2026 01 14 06 06 36.82
0  -3947.89771   3007.43156   6037.10377  -5.8292223  -0.0600084  -3.7833162 2026 01 14 06 06 56.82
0  -4063.82405   3005.90277   5960.43345  -5.7631069  -0.0928925  -3.8835123 2026 01 14 06 07 16.82
0  -4178.40987   3003.71460   5881.77204  -5.6951730  -0.1259457  -3.9824198 2026 01 14 06 07 36.82
0  -4291.61902   3000.86372   5801.14564  -5.6254431  -0.1591624  -4.0800055 2026 01 14 06 07 56.82
0  -4403.41581   2997.34692   5718.58102  -5.5539405  -0.1925367  -4.1762366 2026 01 14 06 08 16.82
0  -4513.76502   2993.16110   5634.10559  -5.4806891  -0.2260628  -4.2710805 2026 01 14 06 08 36.82
0  -4622.63193   2988.30329   5547.74742  -5.4057133  -0.2597344  -4.3645054 2026 01 14 06 08 56.82
0  -4729.98228   2982.77064   5459.53521  -5.3290381  -0.2935455  -4.4564797 2026 01 14 06 09 16.82
0  -4835.78236   2976.56043   5369.49827  -5.2506890  -0.3274896  -4.5469723 2026 01 14 06 09 36.82
0  -4939.99893   2969.67005   5277.66655  -5.1706921  -0.3615604  -4.6359526 2026 01 14 06 09 56.82
0  -5042.59931   2962.09705   5184.07060  -5.0890741  -0.3957512  -4.7233907 2026 01 14 06 10 16.82
0  -5143.55135   2953.83908   5088.74156  -5.0058621  -0.4300553  -4.8092569 2026 01 14 06 10 36.82
0  -5242.82345   2944.89396   4991.71115  -4.9210839  -0.4644659  -4.8935222 2026 01 14 06 10 56.82
0  -5340.38456   2935.25961   4893.01168  -4.8347677  -0.4989760  -4.9761580 2026 01 14 06 11 16.82
0  -5436.20421   2924.93411   4792.67602  -4.7469423  -0.5335786  -5.0571363 2026 01 14 06 11 36.82
0  -5530.25250   2913.91571   4690.73760  -4.6576368  -0.5682664  -5.1364297 2026 01 14 06 11 56.82
0  -5622.50013   2902.20275   4587.23038  -4.5668811  -0.6030322  -5.2140113 2026 01 14 06 12 16.82
0  -5712.91839   2889.79375   4482.18886  -4.4747052  -0.6378684  -5.2898547 2026 01 14 06 12 36.82
0  -5801.47920   2876.68739   4375.64807  -4.3811401  -0.6727675  -5.3639342 2026 01 14 06 12 56.82
0  -5888.15507   2862.88248   4267.64354  -4.2862167  -0.7077218  -5.4362247 2026 01 14 06 13 16.82
0  -5972.91916   2848.37799   4158.21129  -4.1899666  -0.7427236  -5.5067015 2026 01 14 06 13 36.82
0  -6055.74525   2833.17305   4047.38783  -4.0924221  -0.7777648  -5.5753407 2026 01 14 06 13 56.82
0  -6136.60777   2817.26696   3935.21017  -3.9936154  -0.8128376  -5.6421189 2026 01 14 06 14 16.82
0  -6215.48181   2800.65916   3821.71573  -3.8935795  -0.8479337  -5.7070135 2026 01 14 06 14 36.82
0  -6292.34312   2783.34928   3706.94242  -3.7923477  -0.8830449  -5.7700023 2026 01 14 06 14 56.82
0  -6367.16812   2765.33708   3590.92857  -3.6899537  -0.9181629  -5.8310639 2026 01 14 06 15 16.82
0  -6439.93390   2746.62253   3473.71293  -3.5864316  -0.9532792  -5.8901774 2026 01 14 06 15 36.82
0  -6510.61824   2727.20574   3355.33466  -3.4818158  -0.9883853  -5.9473228 2026 01 14 06 15 56.82
0  -6579.19962   2707.08699   3235.83333  -3.3761411  -1.0234724  -6.0024805 2026 01 14 06 16 16.82
0  -6645.65721   2686.26677   3115.24887  -3.2694427  -1.0585319  -6.0556317 2026 01 14 06 16 36.82
0  -6709.97089   2664.74570   2993.62161  -3.1617561  -1.0935548  -6.1067584 2026 01 14 06 16 56.82
0  -6772.12125   2642.52461   2870.99220  -3.0531172  -1.1285323  -6.1558430 2026 01 14 06 17 16.82
0  -6832.08961   2619.60449   2747.40165  -2.9435620  -1.1634553  -6.2028688 2026 01 14 06 17 36.82
0  -6889.85801   2595.98654   2622.89131  -2.8331269  -1.1983147  -6.2478198 2026 01 14 06 17 56.82
0  -6945.40921   2571.67211   2497.50283  -2.7218488  -1.2331012  -6.2906806 2026 01 14 06 18 16.82
0  -6998.72672   2546.66276   2371.27814  -2.6097645  -1.2678056  -6.3314367 2026 01 14 06 18 36.82
0  -7049.79480   2520.96021   2244.25950  -2.4969114  -1.3024184  -6.3700740 2026 01 14 06 18 56.82
0  -7098.59843   2494.56640   2116.48941  -2.3833269  -1.3369303  -6.4065795 2026 01 14 06 19 16.82
0  -7145.12337   2467.48344   1988.01063  -2.2690487  -1.3713317  -6.4409407 2026 01 14 06 19 36.82
0  -7189.35613   2439.71363   1858.86616  -2.1541148  -1.4056129  -6.4731458 2026 01 14 06 19 56.82
0  -7231.28396   2411.25948   1729.09924  -2.0385633  -1.4397644  -6.5031840 2026 01 14 06 20 16.82
0  -7270.89491   2382.12368   1598.75331  -1.9224326  -1.4737764  -6.5310449 2026 01 14 06 20 36.82
0  -7308.17777   2352.30911   1467.87202  -1.8057612  -1.5076390  -6.5567191 2026 01 14 06 20 56.82
0  -7343.12211   2321.81887   1336.49917  -1.6885877  -1.5413424  -6.5801979 2026 01 14 06 21 16.82
0  -7375.71828   2290.65623   1204.67878  -1.5709510  -1.5748768  -6.6014733 2026 01 14 06 21 36.82
0  -7405.95741   2258.82467   1072.45496  -1.4528900  -1.6082320  -6.6205381 2026 01 14 06 21 56.82
0  -7433.83139   2226.32789    939.87202  -1.3344438  -1.6413981  -6.6373858 2026 01 14 06 22 16.82
0  -7459.33293   2193.16976    806.97433  -1.2156517  -1.6743651  -6.6520108 2026 01 14 06 22 36.82
0  -7482.45548   2159.35436    673.80641  -1.0965527  -1.7071228  -6.6644081 2026 01 14 06 22 56.82
0  -7503.19332   2124.88598    540.41286  -0.9771865  -1.7396610  -6.6745736 2026 01 14 06 23 16.82
0  -7521.54148   2089.76912    406.83835  -0.8575922  -1.7719697  -6.6825040 2026 01 14 06 23 36.82
0  -7537.49580   2054.00847    273.12760  -0.7378094  -1.8040385  -6.6881965 2026 01 14 06 23 56.82
0  -7551.05290   2017.60893    139.32540  -0.6178777  -1.8358571  -6.6916494 2026 01 14 06 24 16.82
0  -7562.21021   1980.57560      5.47654  -0.4978364  -1.8674155  -6.6928616 2026 01 14 06 24 36.82
0  -7570.96592   1942.91379   -128.37415  -0.3777252  -1.8987031  -6.6918328 2026 01 14 06 24 56.82
0  -7577.31904   1904.62903   -262.18186  -0.2575835  -1.9297098  -6.6885635 2026 01 14 06 25 16.82
0  -7581.26934   1865.72702   -395.90178  -0.1374508  -1.9604252  -6.6830550 2026 01 14 06 25 36.82
0  -7582.81740   1826.21371   -529.48916  -0.0173666  -1.9908389  -6.6753093 2026 01 14 06 25 56.82
0  -7581.96460   1786.09523   -662.89928   0.1026297  -2.0209406  -6.6653292 2026 01 14 06 26 16.82
0  -7578.71306   1745.37792   -796.08748   0.2224989  -2.0507201  -6.6531182 2026 01 14 06 26 36.82
0  -7573.06575   1704.06833   -929.00918   0.3422016  -2.0801668  -6.6386807 2026 01 14 06 26 56.82
0  -7565.02636   1662.17322  -1061.61991   0.4616987  -2.1092705  -6.6220219 2026 01 14 06 27 16.82
0  -7554.59941   1619.69956  -1193.87529   0.5809512  -2.1380209  -6.6031475 2026 01 14 06 27 36.82
0  -7541.79018   1576.65450  -1325.73109   0.6999202  -2.1664075  -6.5820642 2026 01 14 06 27 56.82
0  -7526.60473   1533.04544  -1457.14319   0.8185668  -2.1944203  -6.5587795 2026 01 14 06 28 16.82
0  -7509.04989   1488.87996  -1588.06765   0.9368526  -2.2220487  -6.5333014 2026 01 14 06 28 36.82
0  -7489.13326   1444.16583  -1718.46069   1.0547389  -2.2492827  -6.5056388 2026 01 14 06 28 56.82
0  -7466.86321   1398.91106  -1848.27870   1.1721876  -2.2761119  -6.4758014 2026 01 14 06 29 16.82
0  -7442.24888   1353.12383  -1977.47831   1.2891605  -2.3025262  -6.4437995 2026 01 14 06 29 36.82
0  -7415.30017   1306.81256  -2106.01632   1.4056198  -2.3285155  -6.4096444 2026 01 14 06 29 56.82
0  -7386.02772   1259.98584  -2233.84979   1.5215278  -2.3540695  -6.3733478 2026 01 14 06 30 16.82
0  -7354.44294   1212.65247  -2360.93603   1.6368471  -2.3791783  -6.3349223 2026 01 14 06 30 36.82
0  -7320.55796   1164.82147  -2487.23257   1.7515405  -2.4038318  -6.2943813 2026 01 14 06 30 56.82
0  -7284.38568   1116.50204  -2612.69725   1.8655712  -2.4280200  -6.2517388 2026 01 14 06 31 16.82
0  -7245.93972   1067.70358  -2737.28819   1.9789024  -2.4517330  -6.2070095 2026 01 14 06 31 36.82
0  -7205.23444   1018.43570  -2860.96380   2.0914978  -2.4749611  -6.1602089 2026 01 14 06 31 56.82
0  -7162.28490    968.70819  -2983.68282   2.2033213  -2.4976943  -6.1113532 2026 01 14 06 32 16.82
0  -7117.10691    918.53105  -3105.40431   2.3143373  -2.5199230  -6.0604591 2026 01 14 06 32 36.82
0  -7069.71698    867.91446  -3226.08768   2.4245102  -2.5416375  -6.0075442 2026 01 14 06 32 56.82
0  -7020.13230    816.86881  -3345.69270   2.5338049  -2.5628283  -5.9526267 2026 01 14 06 33 16.82
0  -6968.37081    765.40466  -3464.17949   2.6421868  -2.5834859  -5.8957255 2026 01 14 06 33 36.82
0  -6914.45109    713.53278  -3581.50859   2.7496214  -2.6036008  -5.8368602 2026 01 14 06 33 56.82
0  -6858.39244    661.26410  -3697.64091   2.8560747  -2.6231638  -5.7760509 2026 01 14 06 34 16.82
0  -6800.21482    608.60976  -3812.53777   2.9615131  -2.6421656  -5.7133185 2026 01 14 06 34 36.82
0  -6739.93885    555.58107  -3926.16093   3.0659033  -2.6605971  -5.6486844 2026 01 14 06 34 56.82
0  -6677.58584    502.18954  -4038.47258   3.1692124  -2.6784493  -5.5821709 2026 01 14 06 35 16.82
0  -6613.17773    448.44683  -4149.43535   3.2714080  -2.6957133  -5.5138006 2026 01 14 06 35 36.82
0  -6546.73711    394.36480  -4259.01234   3.3724582  -2.7123802  -5.4435969 2026 01 14 06 35 56.82
0  -6478.28721    339.95548  -4367.16713   3.4723312  -2.7284413  -5.3715837 2026 01 14 06 36 16.82
0  -6407.85188    285.23107  -4473.86376   3.5709961  -2.7438881  -5.2977857 2026 01 14 06 36 36.82
0  -6335.45558    230.20395  -4579.06679   3.6684220  -2.7587120  -5.2222279 2026 01 14 06 36 56.82
0  -6261.12342    174.88664  -4682.74128   3.7645787  -2.7729048  -5.1449360 2026 01 14 06 37 16.82
0  -6184.88106    119.29186  -4784.85281   3.8594366  -2.7864582  -5.0659364 2026 01 14 06 37 36.82
0  -6106.75478     63.43248  -4885.36749   3.9529662  -2.7993641  -4.9852559 2026 01 14 06 37 56.82
0  -6026.77142      7.32152  -4984.25199   4.0451389  -2.8116145  -4.9029219 2026 01 14 06 38 16.82
0  -5944.95842    -49.02783  -5081.47351   4.1359263  -2.8232017  -4.8189622 2026 01 14 06 38 36.82
0  -5861.34376   -105.60221  -5176.99981   4.2253007  -2.8341179  -4.7334054 2026 01 14 06 38 56.82
0  -5775.95597   -162.38815  -5270.79924   4.3132347  -2.8443557  -4.6462804 2026 01 14 06 39 16.82
0  -5688.82413   -219.37200  -5362.84075   4.3997016  -2.8539075  -4.5576167 2026 01 14 06 39 36.82
0  -5599.97784   -276.53995  -5453.09383   4.4846752  -2.8627662  -4.4674441 2026 01 14 06 39 56.82
0  -5509.44723   -333.87810  -5541.52864   4.5681298  -2.8709248  -4.3757933 2026 01 14 06 40 16.82
0  -5417.26292   -391.37235  -5628.11590   4.6500402  -2.8783761  -4.2826950 2026 01 14 06 40 36.82
0  -5323.45606   -449.00849  -5712.82699   4.7303819  -2.8851136  -4.1881806 2026 01 14 06 40 56.82
0  -5228.05825   -506.77219  -5795.63389   4.8091308  -2.8911306  -4.0922820 2026 01 14 06 41 16.82
0  -5131.10158   -564.64897  -5876.50925   4.8862634  -2.8964206  -3.9950314 2026 01 14 06 41 36.82
0  -5032.61862   -622.62423  -5955.42636   4.9617569  -2.9009774  -3.8964615 2026 01 14 06 41 56.82
0  -4932.64237   -680.68324  -6032.35914   5.0355888  -2.9047950  -3.7966054 2026 01 14 06 42 16.82
0  -4831.20628   -738.81115  -6107.28223   5.1077374  -2.9078673  -3.6954966 2026 01 14 06 42 36.82
0  -4728.34422   -796.99302  -6180.17090   5.1781816  -2.9101887  -3.5931690 2026 01 14 06 42 56.82
0  -4624.09050   -855.21375  -6251.00111   5.2469008  -2.9117536  -3.4896569 2026 01 14 06 43 16.82
0  -4518.47981   -913.45816  -6319.74952   5.3138750  -2.9125566  -3.3849949 2026 01 14 06 43 36.82
0  -4411.54724   -971.71098  -6386.39349   5.3790848  -2.9125926  -3.2792180 2026 01 14 06 43 56.82
0  -4303.32829  -1029.95680  -6450.91107   5.4425114  -2.9118566  -3.1723615 2026 01 14 06 44 16.82
0  -4193.85878  -1088.18014  -6513.28102   5.5041368  -2.9103438  -3.0644611 2026 01 14 06 44 36.82
0  -4083.17492  -1146.36542  -6573.48283   5.5639433  -2.9080496  -2.9555529 2026 01 14 06 44 56.82
0  -3971.31326  -1204.49696  -6631.49669   5.6219139  -2.9049697  -2.8456730 2026 01 14 06 45 16.82
0  -3858.31069  -1262.55901  -6687.30355   5.6780325  -2.9010998  -2.7348582 2026 01 14 06 45 36.82
0  -3744.20439  -1320.53573  -6740.88507   5.7322834  -2.8964359  -2.6231453 2026 01 14 06 45 56.82
0  -3629.03188  -1378.41120  -6792.22366   5.7846513  -2.8909744  -2.5105714 2026 01 14 06 46 16.82
0  -3512.83095  -1436.16943  -6841.30248   5.8351220  -2.8847117  -2.3971740 2026 01 14 06 46 36.82
0  -3395.63970  -1493.79437  -6888.10543   5.8836817  -2.8776443  -2.2829907 2026 01 14 06 46 56.82
0  -3277.49648  -1551.26989  -6932.61717   5.9303172  -2.8697693  -2.1680595 2026 01 14 06 47 16.82
0  -3158.43989  -1608.57980  -6974.82312   5.9750159  -2.8610836  -2.0524184 2026 01 14 06 47 36.82
0  -3038.50879  -1665.70787  -7014.70947   6.0177661  -2.8515847  -1.9361058 2026 01 14 06 47 56.82
0  -2917.74226  -1722.63781  -7052.26318   6.0585565  -2.8412701  -1.8191602 2026 01 14 06 48 16.82
0  -2796.17962  -1779.35328  -7087.47196   6.0973765  -2.8301374  -1.7016204 2026 01 14 06 48 36.82
0  -2673.86035  -1835.83790  -7120.32433   6.1342162  -2.8181849  -1.5835252 2026 01 14 06 48 56.82
0  -2550.82418  -1892.07525  -7150.80957   6.1690664  -2.8054106  -1.4649137 2026 01 14 06 49 16.82
0  -2427.11096  -1948.04889  -7178.91775   6.2019182  -2.7918131  -1.3458251 2026 01 14 06 49 36.82
0  -2302.76076  -2003.74233  -7204.63970   6.2327639  -2.7773910  -1.2262988 2026 01 14 06 49 56.82
0  -2177.81376  -2059.13908  -7227.96708   6.2615961  -2.7621433  -1.1063742 2026 01 14 06 50 16.82
0  -2052.31031  -2114.22261  -7248.89232   6.2884081  -2.7460693  -0.9860910 2026 01 14 06 50 36.82
0  -1926.29088  -2168.97639  -7267.40863   6.3131939  -2.7291683  -0.8654887 2026 01 14 06 50 56.82
0  -1799.79603  -2223.38387  -7283.51004   6.3359480  -2.7114400  -0.7446072 2026 01 14 06 51 16.82
0  -1672.86645  -2277.42852  -7297.19135   6.3566659  -2.6928843  -0.6234864 2026 01 14 06 51 36.82
0  -1545.54291  -2331.09378  -7308.44819   6.3753435  -2.6735014  -0.5021661 2026 01 14 06 51 56.82
0  -1417.86625  -2384.36311  -7317.27695   6.3919773  -2.6532918  -0.3806864 2026 01 14 06 52 16.82
0  -1289.87738  -2437.21999  -7323.67486   6.4065647  -2.6322561  -0.2590872 2026 01 14 06 52 36.82
0  -1161.61724  -2489.64789  -7327.63992   6.4191034  -2.6103953  -0.1374086 2026 01 14 06 52 56.82
0  -1033.12682  -2541.63034  -7329.17095   6.4295922  -2.5877105  -0.0156907 2026 01 14 06 53 16.82
0   -904.44713  -2593.15087  -7328.26756   6.4380301  -2.5642032   0.1060266 2026 01 14 06 53 36.82
0   -775.61919  -2644.19303  -7324.93015   6.4444172  -2.5398751   0.2277030 2026 01 14 06 53 56.82
0   -646.68402  -2694.74045  -7319.15996   6.4487538  -2.5147282   0.3492987 2026 01 14 06 54 16.82
0   -517.68261  -2744.77675  -7310.95900   6.4510412  -2.4887647   0.4707735 2026 01 14 06 54 36.82
0   -388.65593  -2794.28563  -7300.33007   6.4512812  -2.4619871   0.5920876 2026 01 14 06 54 56.82
0   -259.64490  -2843.25085  -7287.27680   6.4494762  -2.4343981   0.7132011 2026 01 14 06 55 16.82
0   -130.69040  -2891.65619  -7271.80359   6.4456293  -2.4060009   0.8340740 2026 01 14 06 55 36.82
0     -1.83322  -2939.48554  -7253.91566   6.4397444  -2.3767986   0.9546667 2026 01 14 06 55 56.82
0    126.88591  -2986.72282  -7233.61901   6.4318258  -2.3467950   1.0749395 2026 01 14 06 56 16.82
0    255.42637  -3033.35203  -7210.92042   6.4218784  -2.3159937   1.1948529 2026 01 14 06 56 36.82
0    383.74765  -3079.35729  -7185.82749   6.4099081  -2.2843989   1.3143673 2026 01 14 06 56 56.82
0    511.80934  -3124.72274  -7158.34858   6.3959211  -2.2520150   1.4334436 2026 01 14 06 57 16.82
0    639.57118  -3169.43266  -7128.49285   6.3799243  -2.2188467   1.5520424 2026 01 14 06 57 36.82
0    766.99304  -3213.47142  -7096.27024   6.3619253  -2.1848989   1.6701249 2026 01 14 06 57 56.82
0    894.03497  -3256.82346  -7061.69146   6.3419323  -2.1501767   1.7876522 2026 01 14 06 58 16.82
0   1020.65717  -3299.47335  -7024.76802   6.3199541  -2.1146857   1.9045855 2026 01 14 06 58 36.82
0   1146.82003  -3341.40579  -6985.51216   6.2960001  -2.0784315   2.0208864 2026 01 14 06 58 56.82
0   1272.48413  -3382.60556  -6943.93692   6.2700804  -2.0414203   2.1365167 2026 01 14 06 59 16.82
0   1397.61026  -3423.05759  -6900.05610   6.2422056  -2.0036584   2.2514382 2026 01 14 06 59 36.82
0   1522.15944  -3462.74692  -6853.88425   6.2123870  -1.9651522   2.3656131 2026 01 14 06 59 56.82
0   1646.09290  -3501.65874  -6805.43668   6.1806365  -1.9259088   2.4790038 2026 01 14 07 00 16.82
0   1769.37213  -3539.77838  -6754.72944   6.1469664  -1.8859351   2.5915728 2026 01 14 07 00 36.82
0   1891.95888  -3577.09130  -6701.77935   6.1113900  -1.8452386   2.7032832 2026 01 14 07 00 56.82
0   2013.81514  -3613.58313  -6646.60395   6.0739209  -1.8038271   2.8140980 2026 01 14 07 01 16.82
0   2134.90320  -3649.23964  -6589.22150   6.0345733  -1.7617084   2.9239808 2026 01 14 07 01 36.82
0   2255.18564  -3684.04677  -6529.65102   5.9933620  -1.7188907   3.0328952 2026 01 14 07 01 56.82
0   2374.62535  -3717.99063  -6467.91224   5.9503024  -1.6753827   3.1408053 2026 01 14 07 02 16.82
0   2493.18551  -3751.05750  -6404.02560   5.9054106  -1.6311931   3.2476754 2026 01 14 07 02 36.82
0   2610.82964  -3783.23383  -6338.01224   5.8587031  -1.5863309   3.3534702 2026 01 14 07 02 56.82
0   2727.52161  -3814.50627  -6269.89404   5.8101970  -1.5408054   3.4581548 2026 01 14 07 03 16.82
0   2843.22560  -3844.86164  -6199.69353   5.7599099  -1.4946264   3.5616946 2026 01 14 07 03 36.82
0   2957.90619  -3874.28698  -6127.43396   5.7078600  -1.4478036   3.6640552 2026 01 14 07 03 56.82
0   3071.52831  -3902.76951  -6053.13925   5.6540663  -1.4003471   3.7652028 2026 01 14 07 04 16.82
0   3184.05727  -3930.29666  -5976.83400   5.5985478  -1.3522675   3.8651039 2026 01 14 07 04 36.82
0   3295.45877  -3956.85608  -5898.54348   5.5413246  -1.3035753   3.9637254 2026 01 14 07 04 56.82
0   3405.69893  -3982.43561  -5818.29359   5.4824169  -1.2542816   4.0610345 2026 01 14 07 05 16.82
0   3514.74425  -4007.02335  -5736.11091   5.4218456  -1.2043974   4.1569990 2026 01 14 07 05 36.82
0   3622.56169  -4030.60759  -5652.02266   5.3596321  -1.1539344   4.2515871 2026 01 14 07 05 56.82
0   3729.11861  -4053.17689  -5566.05668   5.2957983  -1.1029041   4.3447673 2026 01 14 07 06 16.82
0   3834.38283  -4074.72000  -5478.24143   5.2303667  -1.0513187   4.4365086 2026 01 14 07 06 36.82
0   3938.32263  -4095.22596  -5388.60600   5.1633600  -0.9991903   4.5267806 2026 01 14 07 06 56.82
0   4040.90674  -4114.68402  -5297.18008   5.0948018  -0.9465314   4.6155531 2026 01 14 07 07 16.82
0   4142.10436  -4133.08371  -5203.99395   5.0247158  -0.8933548   4.7027967 2026 01 14 07 07 36.82
0   4241.88518  -4150.41479  -5109.07849   4.9531265  -0.8396735   4.7884823 2026 01 14 07 07 56.82
0   4340.21938  -4166.66732  -5012.46513   4.8800584  -0.7855007   4.8725813 2026 01 14 07 08 16.82
0   4437.07764  -4181.83158  -4914.18591   4.8055370  -0.7308498   4.9550656 2026 01 14 07 08 36.82
0   4532.43114  -4195.89816  -4814.27337   4.7295879  -0.6757347   5.0359077 2026 01 14 07 08 56.82
0   4626.25161  -4208.85792  -4712.76065   4.6522372  -0.6201692   5.1150806 2026 01 14 07 09 16.82
0   4718.51126  -4220.70198  -4609.68139   4.5735115  -0.5641676   5.1925579 2026 01 14 07 09 36.82
0   4809.18287  -4231.42177  -4505.06975   4.4934378  -0.5077443   5.2683136 2026 01 14 07 09 56.82
0   4898.23974  -4241.00900  -4398.96044   4.4120433  -0.4509140   5.3423223 2026 01 14 07 10 16.82
0   4985.65575  -4249.45568  -4291.38863   4.3293560  -0.3936914   5.4145594 2026 01 14 07 10 36.82
0   5071.40532  -4256.75411  -4182.39001   4.2454040  -0.3360918   5.4850005 2026 01 14 07 10 56.82
0   5155.46344  -4262.89691  -4072.00073   4.1602159  -0.2781304   5.5536220 2026 01 14 07 11 16.82
0   5237.80567  -4267.87699  -3960.25741   4.0738206  -0.2198228   5.6204009 2026 01 14 07 11 36.82
0   5318.40817  -4271.68760  -3847.19713   3.9862474  -0.1611846   5.6853148 2026 01 14 07 11 56.82
0   5397.24767  -4274.32227  -3732.85742   3.8975260  -0.1022319   5.7483418 2026 01 14 07 12 16.82
0   5474.30151  -4275.77487  -3617.27621   3.8076863  -0.0429807   5.8094608 2026 01 14 07 12 36.82
0   5549.54763  -4276.03961  -3500.49188   3.7167587   0.0165526   5.8686512 2026 01 14 07 12 56.82
0   5622.96457  -4275.11100  -3382.54320   3.6247740   0.0763514   5.9258930 2026 01 14 07 13 16.82
0   5694.53150  -4272.98389  -3263.46934   3.5317629   0.1363992   5.9811669 2026 01 14 07 13 36.82
0   5764.22821  -4269.65349  -3143.30984   3.4377569   0.1966789   6.0344544 2026 01 14 07 13 56.82
0   5832.03511  -4265.11532  -3022.10462   3.3427874   0.2571735   6.0857373 2026 01 14 07 14 16.82
0   5897.93326  -4259.36526  -2899.89393   3.2468864   0.3178658   6.1349984 2026 01 14 07 14 36.82
0   5961.90434  -4252.39952  -2776.71838   3.1500860   0.3787383   6.1822210 2026 01 14 07 14 56.82
0   6023.93069  -4244.21468  -2652.61891   3.0524186   0.4397735   6.2273891 2026 01 14 07 15 16.82
0   6083.99530  -4234.80766  -2527.63674   2.9539167   0.5009537   6.2704875 2026 01 14 07 15 36.82
0   6142.08180  -4224.17573  -2401.81344   2.8546133   0.5622609   6.3115015 2026 01 14 07 15 56.82
0   6198.17449  -4212.31655  -2275.19082   2.7545414   0.6236772   6.3504171 2026 01 14 07 16 16.82
0   6252.25834  -4199.22810  -2147.81099   2.6537344   0.6851844   6.3872213 2026 01 14 07 16 36.82
0   6304.31899  -4184.90876  -2019.71630   2.5522259   0.7467642   6.4219015 2026 01 14 07 16 56.82
0   6354.34273  -4169.35725  -1890.94934   2.4500494   0.8083982   6.4544458 2026 01 14 07 17 16.82
0   6402.31655  -4152.57267  -1761.55296   2.3472389   0.8700678   6.4848433 2026 01 14 07 17 36.82
0   6448.22811  -4134.55451  -1631.57019   2.2438285   0.9317543   6.5130834 2026 01 14 07 17 56.82
0   6492.06575  -4115.30261  -1501.04427   2.1398523   0.9934390   6.5391566 2026 01 14 07 18 16.82
0   6533.81850  -4094.81719  -1370.01863   2.0353447   1.0551030   6.5630540 2026 01 14 07 18 36.82
0   6573.47608  -4073.09886  -1238.53688   1.9303403   1.1167274   6.5847674 2026 01 14 07 18 56.82
0   6611.02889  -4050.14860  -1106.64276   1.8248736   1.1782930   6.6042893 2026 01 14 07 19 16.82
0   6646.46804  -4025.96778   -974.38018   1.7189793   1.2397807   6.6216130 2026 01 14 07 19 36.82
0   6679.78533  -4000.55815   -841.79316   1.6126923   1.3011713   6.6367326 2026 01 14 07 19 56.82
0   6710.97324  -3973.92184   -708.92583   1.5060474   1.3624454   6.6496427 2026 01 14 07 20 16.82
0   6740.02498  -3946.06138   -575.82244   1.3990797   1.4235837   6.6603390 2026 01 14 07 20 36.82
0   6766.93443  -3916.97968   -442.52729   1.2918241   1.4845668   6.6688177 2026 01 14 07 20 56.82
0   6791.69619  -3886.68003   -309.08477   1.1843157   1.5453752   6.6750757 2026 01 14 07 21 16.82
0   6814.30555  -3855.16612   -175.53932   1.0765897   1.6059893   6.6791109 2026 01 14 07 21 36.82
0   6834.75851  -3822.44204    -41.93540   0.9686812   1.6663896   6.6809217 2026 01 14 07 21 56.82
0   6853.05178  -3788.51226     91.68248   0.8606253   1.7265564   6.6805074 2026 01 14 07 22 16.82
0   6869.18275  -3753.38164    225.26982   0.7524571   1.7864703   6.6778681 2026 01 14 07 22 36.82
0   6883.14954  -3717.05544    358.78214   0.6442119   1.8461114   6.6730044 2026 01 14 07 22 56.82
0   6894.95095  -3679.53931    492.17495   0.5359246   1.9054602   6.6659180 2026 01 14 07 23 16.82
0   6904.58649  -3640.83929    625.40382   0.4276304   1.9644970   6.6566110 2026 01 14 07 23 36.82
0   6912.05637  -3600.96182    758.42437   0.3193642   2.0232022   6.6450864 2026 01 14 07 23 56.82
0   6917.36151  -3559.91373    891.19229   0.2111610   2.0815560   6.6313482 2026 01 14 07 24 16.82
0   6920.50351  -3517.70224   1023.66335   0.1030556   2.1395389   6.6154007 2026 01 14 07 24 36.82
0   6921.48468  -3474.33496   1155.79341  -0.0049171   2.1971313   6.5972492 2026 01 14 07 24 56.82
0   6920.30801  -3429.81991   1287.53845  -0.1127224   2.2543136   6.5768997 2026 01 14 07 25 16.82
0   6916.97720  -3384.16547   1418.85458  -0.2203260   2.3110662   6.5543591 2026 01 14 07 25 36.82
0   6911.49664  -3337.38044   1549.69805  -0.3276931   2.3673697   6.5296347 2026 01 14 07 25 56.82
0   6903.87138  -3289.47400   1680.02527  -0.4347897   2.4232046   6.5027348 2026 01 14 07 26 16.82
0   6894.10719  -3240.45570   1809.79281  -0.5415815   2.4785515   6.4736683 2026 01 14 07 26 36.82
0   6882.21049  -3190.33551   1938.95744  -0.6480345   2.5333912   6.4424450 2026 01 14 07 26 56.82
0   6868.18842  -3139.12375   2067.47612  -0.7541149   2.5877043   6.4090753 2026 01 14 07 27 16.82
0   6852.04874  -3086.83116   2195.30605  -0.8597891   2.6414718   6.3735703 2026 01 14 07 27 36.82
0   6833.79992  -3033.46883   2322.40462  -0.9650236   2.6946745   6.3359419 2026 01 14 07 27 56.82
0   6813.45110  -2979.04825   2448.72949  -1.0697851   2.7472935   6.2962027 2026 01 14 07 28 16.82
0   6791.01205  -2923.58129   2574.23859  -1.1740407   2.7993100   6.2543659 2026 01 14 07 28 36.82
0   6766.49322  -2867.08018   2698.89010  -1.2777576   2.8507050   6.2104455 2026 01 14 07 28 56.82
0   6739.90572  -2809.55753   2822.64248  -1.3809032   2.9014601   6.1644562 2026 01 14 07 29 16.82
0   6711.26129  -2751.02634   2945.45453  -1.4834451   2.9515566   6.1164135 2026 01 14 07 29 36.82
0   6680.57232  -2691.49995   3067.28532  -1.5853514   3.0009761   6.0663334 2026 01 14 07 29 56.82
0   6647.85186  -2630.99209   3188.09428  -1.6865903   3.0497005   6.0142326 2026 01 14 07 30 16.82
0   6613.11356  -2569.51685   3307.84117  -1.7871303   3.0977115   5.9601286 2026 01 14 07 30 36.82
0   6576.37170  -2507.08866   3426.48609  -1.8869401   3.1449913   5.9040396 2026 01 14 07 30 56.82
0   6537.64121  -2443.72234   3543.98955  -1.9859890   3.1915219   5.8459842 2026 01 14 07 31 16.82
0   6496.93761  -2379.43304   3660.31239  -2.0842462   3.2372858   5.7859818 2026 01 14 07 31 36.82
0   6454.27704  -2314.23628   3775.41590  -2.1816816   3.2822655   5.7240527 2026 01 14 07 31 56.82
0   6409.67622  -2248.14790   3889.26172  -2.2782652   3.3264436   5.6602174 2026 01 14 07 32 16.82
0   6363.15250  -2181.18412   4001.81196  -2.3739674   3.3698031   5.5944974 2026 01 14 07 32 36.82
0   6314.72379  -2113.36148   4113.02913  -2.4687590   3.4123270   5.5269145 2026 01 14 07 32 56.82
0   6264.40860  -2044.69685   4222.87622  -2.5626110   3.4539986   5.4574915 2026 01 14 07 33 16.82
0   6212.22600  -1975.20744   4331.31663  -2.6554951   3.4948014   5.3862515 2026 01 14 07 33 36.82
0   6158.19564  -1904.91081   4438.31427  -2.7473830   3.5347189   5.3132183 2026 01 14 07 33 56.82
0   6102.33771  -1833.82480   4543.83353  -2.8382470   3.5737353   5.2384163 2026 01 14 07 34 16.82
0   6044.67296  -1761.96761   4647.83926  -2.9280597   3.6118344   5.1618706 2026 01 14 07 34 36.82
0   5985.22270  -1689.35774   4750.29686  -3.0167942   3.6490007   5.0836066 2026 01 14 07 34 56.82
0   5924.00875  -1616.01399   4851.17222  -3.1044240   3.6852188   5.0036505 2026 01 14 07 35 16.82
0   5861.05347  -1541.95549   4950.43175  -3.1909229   3.7204735   4.9220290 2026 01 14 07 35 36.82
0   5796.37974  -1467.20166   5048.04243  -3.2762652   3.7547498   4.8387693 2026 01 14 07 35 56.82
0   5730.01093  -1391.77220   5143.97176  -3.3604256   3.7880331   4.7538992 2026 01 14 07 36 16.82
0   5661.97094  -1315.68712   5238.18783  -3.4433794   3.8203088   4.6674469 2026 01 14 07 36 36.82
0   5592.28414  -1238.96672   5330.65926  -3.5251022   3.8515629   4.5794414 2026 01 14 07 36 56.82
0   5520.97540  -1161.63157   5421.35530  -3.6055699   3.8817814   4.4899119 2026 01 14 07 37 16.82
0   5448.07005  -1083.70252   5510.24576  -3.6847593   3.9109507   4.3988882 2026 01 14 07 37 36.82
0   5373.59388  -1005.20068   5597.30105  -3.7626472   3.9390575   4.3064007 2026 01 14 07 37 56.82
0   5297.57316   -926.14744   5682.49222  -3.8392112   3.9660886   4.2124801 2026 01 14 07 38 16.82
0   5220.03458   -846.56444   5765.79090  -3.9144292   3.9920314   4.1171577 2026 01 14 07 38 36.82
0   5141.00528   -766.47357   5847.16937  -3.9882796   4.0168733   4.0204653 2026 01 14 07 38 56.82
0   5060.51281   -685.89697   5926.60057  -4.0607415   4.0406021   3.9224349 2026 01 14 07 39 16.82
0   4978.58517   -604.85703   6004.05805  -4.1317942   4.0632060   3.8230992 2026 01 14 07 39 36.82
0   4895.25073   -523.37635   6079.51604  -4.2014177   4.0846734   3.7224912 2026 01 14 07 39 56.82
0   4810.53828   -441.47778   6152.94942  -4.2695924   4.1049931   3.6206443 2026 01 14 07 40 16.82
0   4724.47698   -359.18438   6224.33375  -4.3362993   4.1241540   3.5175923 2026 01 14 07 40 36.82
0   4637.09637   -276.51944   6293.64528  -4.4015198   4.1421456   3.4133694 2026 01 14 07 40 56.82
0   4548.42636   -193.50645   6360.86093  -4.4652360   4.1589577   3.3080103 2026 01 14 07 41 16.82
0   4458.49722   -110.16910   6425.95833  -4.5274304   4.1745802   3.2015500 2026 01 14 07 41 36.82
0   4367.33955    -26.53127   6488.91580  -4.5880860   4.1890036   3.0940237 2026 01 14 07 41 56.82
0   4274.98429     57.38296   6549.71237  -4.6471865   4.2022185   2.9854670 2026 01 14 07 42 16.82
0   4181.46271    141.54933   6608.32782  -4.7047159   4.2142162   2.8759161 2026 01 14 07 42 36.82
0   4086.80637    225.94340   6664.74260  -4.7606588   4.2249879   2.7654072 2026 01 14 07 42 56.82
0   3991.04717    310.54059   6718.93793  -4.8150007   4.2345255   2.6539770 2026 01 14 07 43 16.82
0   3894.21726    395.31611   6770.89575  -4.8677270   4.2428211   2.5416623 2026 01 14 07 43 36.82
0   3796.34908    480.24506   6820.59874  -4.9188243   4.2498672   2.4285005 2026 01 14 07 43 56.82
0   3697.47537    565.30238   6868.03033  -4.9682794   4.2556567   2.3145288 2026 01 14 07 44 16.82
0   3597.62908    650.46287   6913.17471  -5.0160796   4.2601828   2.1997853 2026 01 14 07 44 36.82
0   3496.84343    735.70119   6956.01681  -5.0622130   4.2634391   2.0843077 2026 01 14 07 44 56.82
0   3395.15188    820.99189   6996.54234  -5.1066681   4.2654197   1.9681343 2026 01 14 07 45 16.82
0   3292.58810    906.30939   7034.73777  -5.1494340   4.2661188   1.8513037 2026 01 14 07 45 36.82
0   3189.18598    991.62802   7070.59033  -5.1905004   4.2655313   1.7338544 2026 01 14 07 45 56.82
0   3084.97961   1076.92199   7104.08804  -5.2298575   4.2636523   1.6158254 2026 01 14 07 46 16.82
0   2980.00327   1162.16542   7135.21970  -5.2674961   4.2604773   1.4972557 2026 01 14 07 46 36.82
0   2874.29141   1247.33236   7163.97489  -5.3034077   4.2560023   1.3781846 2026 01 14 07 46 56.82
0   2767.87866   1332.39677   7190.34397  -5.3375841   4.2502235   1.2586513 2026 01 14 07 47 16.82
0   2660.79980   1417.33253   7214.31809  -5.3700178   4.2431377   1.1386956 2026 01 14 07 47 36.82
0   2553.08974   1502.11348   7235.88921  -5.4007020   4.2347419   1.0183571 2026 01 14 07 47 56.82
0   2444.78355   1586.71339   7255.05006  -5.4296304   4.2250338   0.8976755 2026 01 14 07 48 16.82
0   2335.91640   1671.10600   7271.79418  -5.4567972   4.2140113   0.7766909 2026 01 14 07 48 36.82
0   2226.52358   1755.26500   7286.11592  -5.4821971   4.2016727   0.6554433 2026 01 14 07 48 56.82
0   2116.64046   1839.16405   7298.01041  -5.5058257   4.1880167   0.5339728 2026 01 14 07 49 16.82
0   2006.30251   1922.77680   7307.47359  -5.5276789   4.1730426   0.4123196 2026 01 14 07 49 36.82
0   1895.54529   2006.07688   7314.50223  -5.5477531   4.1567498   0.2905240 2026 01 14 07 49 56.82
0   1784.40439   2089.03792   7319.09386  -5.5660457   4.1391385   0.1686263 2026 01 14 07 50 16.82
0   1672.91548   2171.63354   7321.24686  -5.5825541   4.1202090   0.0466668 2026 01 14 07 50 36.82
0   1561.11426   2253.83741   7320.96039  -5.5972768   4.0999622  -0.0753140 2026 01 14 07 50 56.82
0   1449.03645   2335.62317   7318.23443  -5.6102126   4.0783994  -0.1972758 2026 01 14 07 51 16.82
0   1336.71779   2416.96452   7313.06976  -5.6213609   4.0555223  -0.3191782 2026 01 14 07 51 36.82
0   1224.19405   2497.83521   7305.46798  -5.6307216   4.0313329  -0.4409807 2026 01 14 07 51 56.82
0   1111.50096   2578.20901   7295.43149  -5.6382955   4.0058338  -0.5626430 2026 01 14 07 52 16.82
0    998.67425   2658.05975   7282.96349  -5.6440835   3.9790281  -0.6841247 2026 01 14 07 52 36.82
0    885.74963   2737.36134   7268.06800  -5.6480874   3.9509191  -0.8053857 2026 01 14 07 52 56.82
0    772.76275   2816.08774   7250.74984  -5.6503096   3.9215107  -0.9263855 2026 01 14 07 53 16.82
0    659.74921   2894.21302   7231.01463  -5.6507527   3.8908071  -1.0470842 2026 01 14 07 53 36.82
0    546.74458   2971.71131   7208.86880  -5.6494203   3.8588132  -1.1674416 2026 01 14 07 53 56.82
0    433.78432   3048.55687   7184.31956  -5.6463163   3.8255339  -1.2874178 2026 01 14 07 54 16.82
0    320.90381   3124.72402   7157.37496  -5.6414452   3.7909750  -1.4069728 2026 01 14 07 54 36.82
0    208.13835   3200.18726   7128.04379  -5.6348121   3.7551423  -1.5260671 2026 01 14 07 54 56.82
0     95.52312   3274.92115   7096.33568  -5.6264227   3.7180425  -1.6446610 2026 01 14 07 55 16.82
0    -16.90681   3348.90044   7062.26103  -5.6162831   3.6796823  -1.7627150 2026 01 14 07 55 36.82
0   -129.11650   3422.09998   7025.83103  -5.6044001   3.6400691  -1.8801898 2026 01 14 07 55 56.82
0   -241.07116   3494.49478   6987.05766  -5.5907810   3.5992107  -1.9970465 2026 01 14 07 56 16.82
0   -352.73615   3566.06004   6945.95366  -5.5754335   3.5571152  -2.1132459 2026 01 14 07 56 36.82
0   -464.07698   3636.77109   6902.53256  -5.5583662   3.5137913  -2.2287495 2026 01 14 07 56 56.82
0   -575.05934   3706.60345   6856.80868  -5.5395879   3.4692481  -2.3435187 2026 01 14 07 57 16.82
0   -685.64911   3775.53283   6808.79708  -5.5191080   3.4234950  -2.4575153 2026 01 14 07 57 36.82
0   -795.81235   3843.53513   6758.51360  -5.4969366   3.3765420  -2.5707012 2026 01 14 07 57 56.82
0   -905.51533   3910.58646   6705.97482  -5.4730841   3.3283995  -2.6830385 2026 01 14 07 58 16.82
0  -1014.72455   3976.66313   6651.19810  -5.4475616   3.2790782  -2.7944898 2026 01 14 07 58 36.82
0  -1123.40672   4041.74169   6594.20152  -5.4203805   3.2285893  -2.9050179 2026 01 14 07 58 56.82
0  -1231.52879   4105.79889   6535.00393  -5.3915531   3.1769446  -3.0145856 2026 01 14 07 59 16.82
0  -1339.05795   4168.81173   6473.62489  -5.3610918   3.1241561  -3.1231565 2026 01 14 07 59 36.82
0  -1445.96166   4230.75748   6410.08471  -5.3290097   3.0702363  -3.2306941 2026 01 14 07 59 56.82
0  -1552.20764   4291.61362   6344.40441  -5.2953204   3.0151981  -3.3371624 2026 01 14 08 00 16.82
0  -1657.76388   4351.35792   6276.60574  -5.2600379   2.9590549  -3.4425256 2026 01 14 08 00 36.82
0  -1762.59867   4409.96843   6206.71114  -5.2231769   2.9018204  -3.5467486 2026 01 14 08 00 56.82
0  -1866.68058   4467.42345   6134.74379  -5.1847524   2.8435089  -3.6497962 2026 01 14 08 01 16.82
0  -1969.97850   4523.70159   6060.72753  -5.1447800   2.7841348  -3.7516338 2026 01 14 08 01 36.82
0  -2072.46163   4578.78175   5984.68689  -5.1032755   2.7237133  -3.8522273 2026 01 14 08 01 56.82
0  -2174.09949   4632.64313   5906.64712  -5.0602556   2.6622596  -3.9515428 2026 01 14 08 02 16.82
0  -2274.86195   4685.26526   5826.63409  -5.0157371   2.5997897  -4.0495469 2026 01 14 08 02 36.82
0  -2374.71920   4736.62795   5744.67437  -4.9697375   2.5363197  -4.1462065 2026 01 14 08 02 56.82
0  -2473.64179   4786.71138   5660.79518  -4.9222746   2.4718663  -4.2414892 2026 01 14 08 03 16.82
0  -2571.60066   4835.49605   5575.02436  -4.8733667   2.4064464  -4.3353627 2026 01 14 08 03 36.82
0  -2668.56707   4882.96281   5487.39043  -4.8230325   2.3400774  -4.4277955 2026 01 14 08 03 56.82
0  -2764.51271   4929.09284   5397.92252  -4.7712913   2.2727771  -4.5187563 2026 01 14 08 04 16.82
0  -2859.40961   4973.86770   5306.65036  -4.7181625   2.2045637  -4.6082144 2026 01 14 08 04 36.82
0  -2953.23024   5017.26931   5213.60432  -4.6636662   2.1354556  -4.6961396 2026 01 14 08 04 56.82
0  -3045.94744   5059.27998   5118.81535  -4.6078229   2.0654718  -4.7825021 2026 01 14 08 05 16.82
0  -3137.53448   5099.88237   5022.31500  -4.5506534   1.9946316  -4.8672727 2026 01 14 08 05 36.82
0  -3227.96504   5139.05956   4924.13539  -4.4921788   1.9229545  -4.9504227 2026 01 14 08 05 56.82
0  -3317.21325   5176.79500   4824.30922  -4.4324209   1.8504607  -5.0319240 2026 01 14 08 06 16.82
0  -3405.25366   5213.07256   4722.86975  -4.3714016   1.7771703  -5.1117488 2026 01 14 08 06 36.82
0  -3492.06125   5247.87653   4619.85076  -4.3091432   1.7031041  -5.1898703 2026 01 14 08 06 56.82
0  -3577.61148   5281.19158   4515.28660  -4.2456687   1.6282830  -5.2662617 2026 01 14 08 07 16.82
0  -3661.88025   5313.00284   4409.21212  -4.1810009   1.5527286  -5.3408973 2026 01 14 08 07 36.82
0  -3744.84393   5343.29586   4301.66270  -4.1151634   1.4764624  -5.4137516 2026 01 14 08 07 56.82
0  -3826.47937   5372.05662   4192.67421  -4.0481800   1.3995064  -5.4847999 2026 01 14 08 08 16.82
0  -3906.76388   5399.27154   4082.28302  -3.9800748   1.3218830  -5.5540180 2026 01 14 08 08 36.82
0  -3985.67527   5424.92751   3970.52595  -3.9108722   1.2436147  -5.6213824 2026 01 14 08 08 56.82
0  -4063.19185   5449.01186   3857.44033  -3.8405970   1.1647246  -5.6868703 2026 01 14 08 09 16.82
0  -4139.29241   5471.51237   3743.06389  -3.7692743   1.0852358  -5.7504591 2026 01 14 08 09 36.82
0  -4213.95625   5492.41732   3627.43485  -3.6969295   1.0051718  -5.8121274 2026 01 14 08 09 56.82
0  -4287.16319   5511.71543   3510.59182  -3.6235881   0.9245565  -5.8718541 2026 01 14 08 10 16.82
0  -4358.89356   5529.39592   3392.57383  -3.5492763   0.8434139  -5.9296189 2026 01 14 08 10 36.82
0  -4429.12820   5545.44849   3273.42034  -3.4740200   0.7617683  -5.9854020 2026 01 14 08 10 56.82
0  -4497.84849   5559.86331   3153.17115  -3.3978459   0.6796443  -6.0391845 2026 01 14 08 11 16.82
0  -4565.03635   5572.63108   3031.86647  -3.3207807   0.5970667  -6.0909480 2026 01 14 08 11 36.82
0  -4630.67422   5583.74296   2909.54686  -3.2428512   0.5140607  -6.1406748 2026 01 14 08 11 56.82
0  -4694.74508   5593.19065   2786.25321  -3.1640847   0.4306515  -6.1883480 2026 01 14 08 12 16.82
0  -4757.23247   5600.96633   2662.02677  -3.0845087   0.3468646  -6.2339514 2026 01 14 08 12 36.82
0  -4818.12047   5607.06271   2536.90909  -3.0041506   0.2627258  -6.2774693 2026 01 14 08 12 56.82
0  -4877.39372   5611.47301   2410.94203  -2.9230384   0.1782611  -6.3188869 2026 01 14 08 13 16.82
0  -4935.03742   5614.19097   2284.16773  -2.8412001   0.0934966  -6.3581901 2026 01 14 08 13 36.82
0  -4991.03733   5615.21085   2156.62862  -2.7586638   0.0084586  -6.3953655 2026 01 14 08 13 56.82
0  -5045.37977   5614.52747   2028.36739  -2.6754580  -0.0768263  -6.4304004 2026 01 14 08 14 16.82
0  -5098.05163   5612.13613   1899.42697  -2.5916111  -0.1623314  -6.4632828 2026 01 14 08 14 36.82
0  -5149.04037   5608.03271   1769.85051  -2.5071518  -0.2480299  -6.4940016 2026 01 14 08 14 56.82
0  -5198.33405   5602.21362   1639.68139  -2.4221089  -0.3338947  -6.5225463 2026 01 14 08 15 16.82
0  -5245.92128   5594.67578   1508.96321  -2.3365114  -0.4198987  -6.5489071 2026 01 14 08 15 36.82
0  -5291.79124   5585.41670   1377.73972  -2.2503884  -0.5060147  -6.5730752 2026 01 14 08 15 56.82
0  -5335.93374   5574.43440   1246.05486  -2.1637689  -0.5922151  -6.5950423 2026 01 14 08 16 16.82
0  -5378.33912   5561.72748   1113.95274  -2.0766822  -0.6784725  -6.6148010 2026 01 14 08 16 36.82
0  -5418.99833   5547.29507    981.47758  -1.9891577  -0.7647593  -6.6323445 2026 01 14 08 16 56.82
0  -5457.90292   5531.13685    848.67374  -1.9012249  -0.8510476  -6.6476670 2026 01 14 08 17 16.82
0  -5495.04502   5513.25309    715.58572  -1.8129130  -0.9373098  -6.6607633 2026 01 14 08 17 36.82
0  -5530.41733   5493.64457    582.25806  -1.7242518  -1.0235179  -6.6716289 2026 01 14 08 17 56.82
0  -5564.01316   5472.31266    448.73543  -1.6352708  -1.1096439  -6.6802604 2026 01 14 08 18 16.82
0  -5595.82643   5449.25929    315.06254  -1.5459995  -1.1956599  -6.6866548 2026 01 14 08 18 36.82
0  -5625.85160   5424.48693    181.28414  -1.4564676  -1.2815377  -6.6908100 2026 01 14 08 18 56.82
0  -5654.08378   5397.99862     47.44505  -1.3667046  -1.3672494  -6.6927248 2026 01 14 08 19 16.82
0  -5680.51863   5369.79798    -86.40993  -1.2767404  -1.4527668  -6.6923987 2026 01 14 08 19 36.82
0  -5705.15242   5339.88916   -220.23598  -1.1866043  -1.5380617  -6.6898318 2026 01 14 08 19 56.82
0  -5727.98203   5308.27691   -353.98829  -1.0963261  -1.6231061  -6.6850251 2026 01 14 08 20 16.82
0  -5749.00488   5274.96650   -487.62209  -1.0059352  -1.7078718  -6.6779806 2026 01 14 08 20 36.82
0  -5768.21904   5239.96380   -621.09263  -0.9154612  -1.7923307  -6.6687006 2026 01 14 08 20 56.82
0  -5785.62313   5203.27523   -754.35525  -0.8249335  -1.8764548  -6.6571887 2026 01 14 08 21 16.82
0  -5801.21637   5164.90775   -887.36534  -0.7343815  -1.9602160  -6.6434487 2026 01 14 08 21 36.82
0  -5814.99856   5124.86892  -1020.07839  -0.6438345  -2.0435862  -6.6274858 2026 01 14 08 21 56.82
0  -5826.97011   5083.16682  -1152.45000  -0.5533217  -2.1265376  -6.6093053 2026 01 14 08 22 16.82
0  -5837.13198   5039.81011  -1284.43587  -0.4628722  -2.2090423  -6.5889138 2026 01 14 08 22 36.82
0  -5845.48574   4994.80801  -1415.99187  -0.3725150  -2.2910726  -6.5663184 2026 01 14 08 22 56.82
0  -5852.03351   4948.17028  -1547.07398  -0.2822790  -2.3726006  -6.5415270 2026 01 14 08 23 16.82
0  -5856.77801   4899.90724  -1677.63837  -0.1921929  -2.4535989  -6.5145483 2026 01 14 08 23 36.82
0  -5859.72253   4850.02977  -1807.64139  -0.1022854  -2.5340398  -6.4853917 2026 01 14 08 23 56.82
0  -5860.87091   4798.54928  -1937.03958  -0.0125849  -2.6138962  -6.4540673 2026 01 14 08 24 16.82
0  -5860.22759   4745.47773  -2065.78969   0.0768803  -2.6931406  -6.4205860 2026 01 14 08 24 36.82
0  -5857.79755   4690.82765  -2193.84871   0.1660820  -2.7717460  -6.3849595 2026 01 14 08 24 56.82
0  -5853.58634   4634.61207  -2321.17384   0.2549924  -2.8496855  -6.3472000 2026 01 14 08 25 16.82
0  -5847.60007   4576.84458  -2447.72256   0.3435836  -2.9269323  -6.3073208 2026 01 14 08 25 36.82
0  -5839.84539   4517.53932  -2573.45262   0.4318281  -3.0034596  -6.2653356 2026 01 14 08 25 56.82
0  -5830.32952   4456.71092  -2698.32203   0.5196985  -3.0792412  -6.2212590 2026 01 14 08 26 16.82
0  -5819.06020   4394.37457  -2822.28911   0.6071677  -3.1542506  -6.1751061 2026 01 14 08 26 36.82
0  -5806.04574   4330.54597  -2945.31251   0.6942088  -3.2284619  -6.1268929 2026 01 14 08 26 56.82
0  -5791.29495   4265.24134  -3067.35118   0.7807952  -3.3018493  -6.0766360 2026 01 14 08 27 16.82
0  -5774.81721   4198.47743  -3188.36441   0.8669003  -3.3743870  -6.0243528 2026 01 14 08 27 36.82
0  -5756.62239   4130.27147  -3308.31187   0.9524980  -3.4460496  -5.9700612 2026 01 14 08 27 56.82
0  -5736.72090   4060.64122  -3427.15356   1.0375624  -3.5168120  -5.9137799 2026 01 14 08 28 16.82
0  -5715.12368   3989.60494  -3544.84989   1.1220678  -3.5866492  -5.8555282 2026 01 14 08 28 36.82
0  -5691.84214   3917.18137  -3661.36165   1.2059889  -3.6555366  -5.7953262 2026 01 14 08 28 56.82
0  -5666.88824   3843.38976  -3776.65004   1.2893006  -3.7234497  -5.7331945 2026 01 14 08 29 16.82
0  -5640.27440   3768.24983  -3890.67667   1.3719781  -3.7903644  -5.6691543 2026 01 14 08 29 36.82
0  -5612.01356   3691.78180  -4003.40360   1.4539969  -3.8562568  -5.6032276 2026 01 14 08 29 56.82
0  -5582.11913   3614.00634  -4114.79331   1.5353328  -3.9211034  -5.5354370 2026 01 14 08 30 16.82
0  -5550.60501   3534.94461  -4224.80877   1.6159620  -3.9848808  -5.4658056 2026 01 14 08 30 36.82
0  -5517.48556   3454.61821  -4333.41339   1.6958609  -4.0475660  -5.3943572 2026 01 14 08 30 56.82
0  -5482.77564   3373.04923  -4440.57107   1.7750063  -4.1091364  -5.3211161 2026 01 14 08 31 16.82
0  -5446.49053   3290.26017  -4546.24621   1.8533753  -4.1695696  -5.2461074 2026 01 14 08 31 36.82
0  -5408.64600   3206.27401  -4650.40372   1.9309454  -4.2288437  -5.1693565 2026 01 14 08 31 56.82
0  -5369.25824   3121.11414  -4753.00900   2.0076943  -4.2869368  -5.0908895 2026 01 14 08 32 16.82
0  -5328.34389   3034.80440  -4854.02800   2.0836004  -4.3438278  -5.0107332 2026 01 14 08 32 36.82
0  -5285.92003   2947.36904  -4953.42721   2.1586420  -4.3994954  -4.9289147 2026 01 14 08 32 56.82
0  -5242.00415   2858.83273  -5051.17366   2.2327982  -4.4539193  -4.8454617 2026 01 14 08 33 16.82
0  -5196.61418   2769.22056  -5147.23495   2.3060481  -4.5070789  -4.7604027 2026 01 14 08 33 36.82
0  -5149.76845   2678.55800  -5241.57923   2.3783714  -4.5589546  -4.6737663 2026 01 14 08 33 56.82
0  -5101.48568   2586.87094  -5334.17526   2.4497481  -4.6095267  -4.5855819 2026 01 14 08 34 16.82
0  -5051.78500   2494.18564  -5424.99237   2.5201587  -4.6587760  -4.4958793 2026 01 14 08 34 36.82
0  -5000.68594   2400.52873  -5514.00049   2.5895840  -4.7066839  -4.4046887 2026 01 14 08 34 56.82
0  -4948.20837   2305.92723  -5601.17019   2.6580052  -4.7532321  -4.3120410 2026 01 14 08 35 16.82
0  -4894.37258   2210.40852  -5686.47262   2.7254038  -4.7984024  -4.2179673 2026 01 14 08 35 36.82
0  -4839.19920   2114.00033  -5769.87958   2.7917620  -4.8421775  -4.1224994 2026 01 14 08 35 56.82
0  -4782.70919   2016.73074  -5851.36351   2.8570620  -4.8845403  -4.0256693 2026 01 14 08 36 16.82
0  -4724.92392   1918.62815  -5930.89749   2.9212869  -4.9254739  -3.9275097 2026 01 14 08 36 36.82
0  -4665.86503   1819.72132  -6008.45526   2.9844198  -4.9649622  -3.8280534 2026 01 14 08 36 56.82
0  -4605.55455   1720.03932  -6084.01121   3.0464444  -5.0029893  -3.7273340 2026 01 14 08 37 16.82
0  -4544.01478   1619.61151  -6157.54043   3.1073449  -5.0395399  -3.6253850 2026 01 14 08 37 36.82
0  -4481.26838   1518.46758  -6229.01866   3.1671057  -5.0745990  -3.5222407 2026 01 14 08 37 56.82
0  -4417.33828   1416.63750  -6298.42234   3.2257118  -5.1081521  -3.4179357 2026 01 14 08 38 16.82
0  -4352.24773   1314.15155  -6365.72860   3.2831487  -5.1401851  -3.3125047 2026 01 14 08 38 36.82
0  -4286.02025   1211.04025  -6430.91528   3.3394021  -5.1706845  -3.2059831 2026 01 14 08 38 56.82
0  -4218.67964   1107.33440  -6493.96091   3.3944584  -5.1996372  -3.0984063 2026 01 14 08 39 16.82
0  -4150.25000   1003.06508  -6554.84476   3.4483043  -5.2270305  -2.9898104 2026 01 14 08 39 36.82
0  -4080.75565    898.26358  -6613.54681   3.5009268  -5.2528522  -2.8802315 2026 01 14 08 39 56.82
0  -4010.22118    792.96147  -6670.04775   3.5523137  -5.2770907  -2.7697061 2026 01 14 08 40 16.82
0  -3938.67143    687.19051  -6724.32902   3.6024530  -5.2997348  -2.6582710 2026 01 14 08 40 36.82
0  -3866.13146    580.98270  -6776.37281   3.6513331  -5.3207736  -2.5459633 2026 01 14 08 40 56.82
0  -3792.62658    474.37026  -6826.16203   3.6989431  -5.3401970  -2.4328202 2026 01 14 08 41 16.82
0  -3718.18228    367.38558  -6873.68035   3.7452723  -5.3579953  -2.3188795 2026 01 14 08 41 36.82
0  -3642.82429    260.06127  -6918.91219   3.7903106  -5.3741591  -2.2041790 2026 01 14 08 41 56.82
0  -3566.57853    152.43010  -6961.84274   3.8340483  -5.3886798  -2.0887566 2026 01 14 08 42 16.82
0  -3489.47109     44.52501  -7002.45794   3.8764761  -5.4015491  -1.9726506 2026 01 14 08 42 36.82
0  -3411.52826    -63.62088  -7040.74451   3.9175853  -5.4127593  -1.8558996 2026 01 14 08 42 56.82
0  -3332.77651   -171.97432  -7076.68993   3.9573676  -5.4223031  -1.7385422 2026 01 14 08 43 16.82
0  -3253.24244   -280.50192  -7110.28246   3.9958150  -5.4301738  -1.6206172 2026 01 14 08 43 36.82
0  -3172.95284   -389.17016  -7141.51114   4.0329202  -5.4363653  -1.5021637 2026 01 14 08 43 56.82
0  -3091.93460   -497.94538  -7170.36579   4.0686762  -5.4408719  -1.3832207 2026 01 14 08 44 16.82
0  -3010.21480   -606.79385  -7196.83701   4.1030765  -5.4436884  -1.2638277 2026 01 14 08 44 36.82
0  -2927.82059   -715.68170  -7220.91620   4.1361151  -5.4448102  -1.1440240 2026 01 14 08 44 56.82
0  -2844.77927   -824.57501  -7242.59554   4.1677863  -5.4442333  -1.0238492 2026 01 14 08 45 16.82
0  -2761.11825   -933.43976  -7261.86800   4.1980850  -5.4419539  -0.9033430 2026 01 14 08 45 36.82
0  -2676.86501  -1042.24187  -7278.72735   4.2270066  -5.4379691  -0.7825451 2026 01 14 08 45 56.82
0  -2592.04715  -1150.94722  -7293.16815   4.2545468  -5.4322764  -0.6614953 2026 01 14 08 46 16.82
0  -2506.69233  -1259.52161  -7305.18577   4.2807018  -5.4248738  -0.5402336 2026 01 14 08 46 36.82
0  -2420.82828  -1367.93084  -7314.77637   4.3054684  -5.4157599  -0.4187998 2026 01 14 08 46 56.82
0  -2334.48282  -1476.14067  -7321.93690   4.3288436  -5.4049337  -0.2972341 2026 01 14 08 47 16.82
0  -2247.68378  -1584.11685  -7326.66513   4.3508250  -5.3923949  -0.1755764 2026 01 14 08 47 36.82
0  -2160.45906  -1691.82513  -7328.95962   4.3714106  -5.3781438  -0.0538668 2026 01 14 08 47 56.82
0  -2072.83660  -1799.23126  -7328.81973   4.3905990  -5.3621809   0.0678547 2026 01 14 08 48 16.82
0  -1984.84436  -1906.30103  -7326.24562   4.4083890  -5.3445076   0.1895480 2026 01 14 08 48 36.82
0  -1896.51030  -2013.00025  -7321.23825   4.4247801  -5.3251256   0.3111730 2026 01 14 08 48 56.82
0  -1807.86242  -2119.29475  -7313.79940   4.4397719  -5.3040374   0.4326897 2026 01 14 08 49 16.82
0  -1718.92869  -2225.15046  -7303.93163   4.4533648  -5.2812458   0.5540582 2026 01 14 08 49 36.82
0  -1629.73708  -2330.53332  -7291.63830   4.4655594  -5.2567542   0.6752386 2026 01 14 08 49 56.82
0  -1540.31555  -2435.40939  -7276.92357   4.4763569  -5.2305667   0.7961909 2026 01 14 08 50 16.82
0  -1450.69204  -2539.74478  -7259.79241   4.4857588  -5.2026877   0.9168755 2026 01 14 08 50 36.82
0  -1360.89442  -2643.50571  -7240.25056   4.4937671  -5.1731224   1.0372526 2026 01 14 08 50 56.82
0  -1270.95056  -2746.65852  -7218.30456   4.5003842  -5.1418763   1.1572826 2026 01 14 08 51 16.82
0  -1180.88824  -2849.16966  -7193.96177   4.5056130  -5.1089557   1.2769260 2026 01 14 08 51 36.82
0  -1090.73520  -2951.00568  -7167.23029   4.5094566  -5.0743672   1.3961436 2026 01 14 08 51 56.82
0  -1000.51911  -3052.13332  -7138.11905   4.5119189  -5.0381181   1.5148961 2026 01 14 08 52 16.82
0   -910.26756  -3152.51943  -7106.63773   4.5130040  -5.0002162   1.6331445 2026 01 14 08 52 36.82
0   -820.00804  -3252.13105  -7072.79680   4.5127162  -4.9606699   1.7508497 2026 01 14 08 52 56.82
0   -729.76797  -3350.93536  -7036.60752   4.5110607  -4.9194879   1.8679732 2026 01 14 08 53 16.82
0   -639.57464  -3448.89975  -6998.08191   4.5080426  -4.8766798   1.9844763 2026 01 14 08 53 36.82
0   -549.45525  -3545.99180  -6957.23275   4.5036679  -4.8322555   2.1003207 2026 01 14 08 53 56.82
0   -459.43687  -3642.17928  -6914.07361   4.4979426  -4.7862255   2.2154683 2026 01 14 08 54 16.82
0   -369.54646  -3737.43020  -6868.61880   4.4908732  -4.7386009   2.3298811 2026 01 14 08 54 36.82
0   -279.81081  -3831.71277  -6820.88340   4.4824669  -4.6893931   2.4435215 2026 01 14 08 54 56.82
0   -190.25661  -3924.99545  -6770.88321   4.4727308  -4.6386144   2.5563519 2026 01 14 08 55 16.82
0   -100.91036  -4017.24695  -6718.63483   4.4616727  -4.5862774   2.6683353 2026 01 14 08 55 36.82
0    -11.79843  -4108.43623  -6664.15556   4.4493008  -4.5323951   2.7794347 2026 01 14 08 55 56.82
0     77.05300  -4198.53252  -6607.46344   4.4356236  -4.4769814   2.8896135 2026 01 14 08 56 16.82
0    165.61789  -4287.50534  -6548.57725   4.4206499  -4.4200504   2.9988352 2026 01 14 08 56 36.82
0    253.87042  -4375.32449  -6487.51650   4.4043890  -4.3616169   3.1070638 2026 01 14 08 56 56.82
0    341.78494  -4461.96006  -6424.30141   4.3868506  -4.3016961   3.2142637 2026 01 14 08 57 16.82
0    429.33599  -4547.38248  -6358.95290   4.3680445  -4.2403038   3.3203993 2026 01 14 08 57 36.82
0    516.49833  -4631.56246  -6291.49261   4.3479813  -4.1774562   3.4254357 2026 01 14 08 57 56.82
0    603.24692  -4714.47108  -6221.94288   4.3266715  -4.1131702   3.5293380 2026 01 14 08 58 16.82
0    689.55693  -4796.07973  -6150.32672   4.3041263  -4.0474630   3.6320718 2026 01 14 08 58 36.82
0    775.40378  -4876.36017  -6076.66786   4.2803571  -3.9803525   3.7336033 2026 01 14 08 58 56.82
0    860.76310  -4955.28451  -6000.99068   4.2553756  -3.9118568   3.8338987 2026 01 14 08 59 16.82
0    945.61075  -5032.82525  -5923.32022   4.2291939  -3.8419949   3.9329249 2026 01 14 08 59 36.82
0   1029.92288  -5108.95524  -5843.68221   4.2018245  -3.7707859   4.0306489 2026 01 14 08 59 56.82
0   1113.67584  -5183.64774  -5762.10302   4.1732801  -3.6982497   4.1270385 2026 01 14 09 00 16.82
0   1196.84627  -5256.87641  -5678.60964   4.1435739  -3.6244064   4.2220615 2026 01 14 09 00 36.82
0   1279.41106  -5328.61531  -5593.22974   4.1127191  -3.5492768   4.3156864 2026 01 14 09 00 56.82
0   1361.34738  -5398.83893  -5505.99158   4.0807296  -3.4728820   4.4078822 2026 01 14 09 01 16.82
0   1442.63267  -5467.52218  -5416.92405   4.0476194  -3.3952436   4.4986181 2026 01 14 09 01 36.82
0   1523.24467  -5534.64041  -5326.05666   4.0134027  -3.3163839   4.5878640 2026 01 14 09 01 56.82
0   1603.16139  -5600.16942  -5233.41951   3.9780943  -3.2363252   4.6755902 2026 01 14 09 02 16.82
0   1682.36114  -5664.08545  -5139.04327   3.9417091  -3.1550907   4.7617674 2026 01 14 09 02 36.82
0   1760.82255  -5726.36523  -5042.95922   3.9042622  -3.0727037   4.8463669 2026 01 14 09 02 56.82
0   1838.52452  -5786.98594  -4945.19920   3.8657691  -2.9891881   4.9293606 2026 01 14 09 03 16.82
0   1915.44630  -5845.92526  -4845.79560   3.8262457  -2.9045682   5.0107206 2026 01 14 09 03 36.82
0   1991.56743  -5903.16133  -4744.78137   3.7857080  -2.8188688   5.0904199 2026 01 14 09 03 56.82
0   2066.86780  -5958.67284  -4642.18999   3.7441722  -2.7321149   5.1684317 2026 01 14 09 04 16.82
0   2141.32761  -6012.43893  -4538.05546   3.7016549  -2.6443321   5.2447301 2026 01 14 09 04 36.82
0   2214.92740  -6064.43929  -4432.41232   3.6581730  -2.5555463   5.3192894 2026 01 14 09 04 56.82
0   2287.64804  -6114.65413  -4325.29560   3.6137435  -2.4657840   5.3920848 2026 01 14 09 05 16.82
0   2359.47075  -6163.06418  -4216.74083   3.5683836  -2.3750717   5.4630917 2026 01 14 09 05 36.82
0   2430.37711  -6209.65070  -4106.78400   3.5221110  -2.2834366   5.5322864 2026 01 14 09 05 56.82
0   2500.34903  -6254.39553  -3995.46160   3.4749434  -2.1909061   5.5996457 2026 01 14 09 06 16.82
0   2569.36880  -6297.28103  -3882.81056   3.4268987  -2.0975081   5.6651470 2026 01 14 09 06 36.82
0   2637.41905  -6338.29013  -3768.86827   3.3779952  -2.0032708   5.7287681 2026 01 14 09 06 56.82
0   2704.48280  -6377.40633  -3653.67254   3.3282513  -1.9082227   5.7904879 2026 01 14 09 07 16.82
0   2770.54341  -6414.61370  -3537.26160   3.2776855  -1.8123926   5.8502854 2026 01 14 09 07 36.82
0   2835.58465  -6449.89689  -3419.67412   3.2263166  -1.7158097   5.9081405 2026 01 14 09 07 56.82
0   2899.59063  -6483.24115  -3300.94912   3.1741637  -1.6185036   5.9640338 2026 01 14 09 08 16.82
0   2962.54588  -6514.63231  -3181.12604   3.1212458  -1.5205040   6.0179463 2026 01 14 09 08 36.82
0   3024.43528  -6544.05679  -3060.24468   3.0675824  -1.4218410   6.0698599 2026 01 14 09 08 56.82
0   3085.24412  -6571.50163  -2938.34518   3.0131929  -1.3225451   6.1197571 2026 01 14 09 09 16.82
0   3144.95806  -6596.95449  -2815.46805   2.9580969  -1.2226470   6.1676209 2026 01 14 09 09 36.82
0   3203.56320  -6620.40362  -2691.65412   2.9023144  -1.1221775   6.2134352 2026 01 14 09 09 56.82
0   3261.04598  -6641.83791  -2566.94454   2.8458651  -1.0211680   6.2571845 2026 01 14 09 10 16.82
0   3317.39327  -6661.24688  -2441.38075   2.7887693  -0.9196498   6.2988539 2026 01 14 09 10 36.82
0   3372.59236  -6678.62067  -2315.00449   2.7310472  -0.8176547   6.3384294 2026 01 14 09 10 56.82
0   3426.63091  -6693.95006  -2187.85778   2.6727191  -0.7152146   6.3758974 2026 01 14 09 11 16.82
0   3479.49701  -6707.22646  -2059.98289   2.6138054  -0.6123617   6.4112452 2026 01 14 09 11 36.82
0   3531.17915  -6718.44196  -1931.42235   2.5543267  -0.5091283   6.4444608 2026 01 14 09 11 56.82
0   3581.66624  -6727.58925  -1802.21893   2.4943038  -0.4055470   6.4755330 2026 01 14 09 12 16.82
0   3630.94761  -6734.66172  -1672.41558   2.4337573  -0.3016505   6.5044510 2026 01 14 09 12 36.82
0   3679.01299  -6739.65339  -1542.05551   2.3727081  -0.1974717   6.5312051 2026 01 14 09 12 56.82
0   3725.85254  -6742.55894  -1411.18207   2.3111772  -0.0930438   6.5557861 2026 01 14 09 13 16.82
0   3771.45682  -6743.37373  -1279.83882   2.2491855   0.0116000   6.5781856 2026 01 14 09 13 36.82
0   3815.81685  -6742.09376  -1148.06946   2.1867542   0.1164264   6.5983958 2026 01 14 09 13 56.82
0   3858.92403  -6738.71572  -1015.91784   2.1239042   0.2214018   6.6164099 2026 01 14 09 14 16.82
0   3900.77020  -6733.23697   -883.42797   2.0606568   0.3264926   6.6322216 2026 01 14 09 14 36.82
0   3941.34763  -6725.65553   -750.64392   1.9970332   0.4316651   6.6458255 2026 01 14 09 14 56.82
0   3980.64901  -6715.97012   -617.60993   1.9330547   0.5368854   6.6572169 2026 01 14 09 15 16.82
0   4018.66745  -6704.18011   -484.37026   1.8687424   0.6421196   6.6663917 2026 01 14 09 15 36.82
0   4055.39649  -6690.28556   -350.96929   1.8041178   0.7473337   6.6733468 2026 01 14 09 15 56.82
0   4090.83009  -6674.28722   -217.45144   1.7392020   0.8524937   6.6780797 2026 01 14 09 16 16.82
0   4124.96265  -6656.18651    -83.86117   1.6740164   0.9575655   6.6805885 2026 01 14 09 16 36.82
0   4157.78898  -6635.98554     49.75703   1.6085822   1.0625149   6.6808725 2026 01 14 09 16 56.82
