0  -4834.35577   1512.36781   6002.91347  -1.5944126  -6.5582231   0.3582970 2026 01 14 04 35 08.15
0  -4865.64519   1381.00983   6009.09134  -1.5344551  -6.5772588   0.2594744 2026 01 14 04 35 28.15
0  -4895.73091   1249.29082   6013.29180  -1.4740456  -6.5943253   0.1605614 2026 01 14 04 35 48.15
0  -4924.60403   1117.25020   6015.51338  -1.4131979  -6.6094184   0.0615905 2026 01 14 04 36 08.15
0  -4952.25594    984.92750   6015.75524  -1.3519261  -6.6225339  -0.0374058 2026 01 14 04 36 28.15
0  -4978.67830    852.36229   6014.01720  -1.2902444  -6.6336688  -0.1363949 2026 01 14 04 36 48.15
0  -5003.86304    719.59421   6010.29973  -1.2281670  -6.6428203  -0.2353442 2026 01 14 04 37 08.15
0  -5027.80239    586.66296   6004.60395  -1.1657082  -6.6499863  -0.3342213 2026 01 14 04 37 28.15
0  -5050.48888    453.60825   5996.93163  -1.1028827  -6.6551653  -0.4329936 2026 01 14 04 37 48.15
0  -5071.91532    320.46984   5987.28519  -1.0397051  -6.6583566  -0.5316286 2026 01 14 04 38 08.15
0  -5092.07480    187.28748   5975.66770  -0.9761901  -6.6595597  -0.6300938 2026 01 14 04 38 28.15
0  -5110.96074     54.10094   5962.08289  -0.9123526  -6.6587751  -0.7283569 2026 01 14 04 38 48.15
0  -5128.56683    -79.05004   5946.53511  -0.8482076  -6.6560037  -0.8263854 2026 01 14 04 39 08.15
0  -5144.88707   -212.12574   5929.02938  -0.7837702  -6.6512470  -0.9241470 2026 01 14 04 39 28.15
0  -5159.91577   -345.08647   5909.57137  -0.7190556  -6.6445073  -1.0216097 2026 01 14 04 39 48.15
0  -5173.64753   -477.89260   5888.16736  -0.6540792  -6.6357871  -1.1187411 2026 01 14 04 40 08.15
0  -5186.07728   -610.50456   5864.82432  -0.5888563  -6.6250900  -1.2155094 2026 01 14 04 40 28.15
0  -5197.20024   -742.88283   5839.54981  -0.5234025  -6.6124197  -1.3118827 2026 01 14 04 40 48.15
0  -5207.01194   -874.98802   5812.35207  -0.4577333  -6.5977810  -1.4078290 2026 01 14 04 41 08.15
0  -5215.50824  -1006.78079   5783.23993  -0.3918645  -6.5811789  -1.5033168 2026 01 14 04 41 28.15
0  -5222.68529  -1138.22193   5752.22290  -0.3258118  -6.5626192  -1.5983146 2026 01 14 04 41 48.15
0  -5228.53959  -1269.27236   5719.31108  -0.2595911  -6.5421082  -1.6927910 2026 01 14 04 42 08.15
0  -5233.06793  -1399.89313   5684.51521  -0.1932183  -6.5196530  -1.7867148 2026 01 14 04 42 28.15
0  -5236.26743  -1530.04541   5647.84666  -0.1267096  -6.4952609  -1.8800550 2026 01 14 04 42 48.15
0  -5238.13553  -1659.69055   5609.31740  -0.0600809  -6.4689401  -1.9727807 2026 01 14 04 43 08.15
0  -5238.66999  -1788.79007   5568.94003   0.0066515  -6.4406994  -2.0648613 2026 01 14 04 43 28.15
0  -5237.86890  -1917.30566   5526.72777   0.0734714  -6.4105480  -2.1562664 2026 01 14 04 43 48.15
0  -5235.73068  -2045.19920   5482.69441   0.1403624  -6.3784957  -2.2469657 2026 01 14 04 44 08.15
0  -5232.25406  -2172.43278   5436.85438   0.2073084  -6.3445532  -2.3369292 2026 01 14 04 44 28.15
0  -5227.43811  -2298.96871   5389.22270   0.2742927  -6.3087312  -2.4261271 2026 01 14 04 44 48.15
0  -5221.28223  -2424.76950   5339.81496   0.3412989  -6.2710416  -2.5145300 2026 01 14 04 45 08.15
0  -5213.78614  -2549.79794   5288.64736   0.4083105  -6.2314964  -2.6021085 2026 01 14 04 45 28.15
0  -5204.94991  -2674.01703   5235.73668   0.4753109  -6.1901084  -2.6888337 2026 01 14 04 45 48.15
0  -5194.77392  -2797.39004   5181.10028   0.5422836  -6.1468909  -2.7746768 2026 01 14 04 46 08.15
0  -5183.25889  -2919.88053   5124.75607   0.6092118  -6.1018577  -2.8596094 2026 01 14 04 46 28.15
0  -5170.40588  -3041.45233   5066.72256   0.6760788  -6.0550233  -2.9436032 2026 01 14 04 46 48.15
0  -5156.21628  -3162.06956   5007.01879   0.7428681  -6.0064026  -3.0266306 2026 01 14 04 47 08.15
0  -5140.69181  -3281.69665   4945.66437   0.8095627  -5.9560111  -3.1086638 2026 01 14 04 47 28.15
0  -5123.83453  -3400.29834   4882.67946   0.8761459  -5.9038649  -3.1896757 2026 01 14 04 47 48.15
0  -5105.64684  -3517.83971   4818.08475   0.9426011  -5.8499806  -3.2696395 2026 01 14 04 48 08.15
0  -5086.13147  -3634.28616   4751.90147   1.0089112  -5.7943752  -3.3485285 2026 01 14 04 48 28.15
0  -5065.29149  -3749.60344   4684.15137   1.0750597  -5.7370664  -3.4263166 2026 01 14 04 48 48.15
0  -5043.13029  -3863.75767   4614.85674   1.1410296  -5.6780724  -3.5029780 2026 01 14 04 49 08.15
0  -5019.65162  -3976.71533   4544.04036   1.2068041  -5.6174119  -3.5784871 2026 01 14 04 49 28.15
0  -4994.85955  -4088.44327   4471.72554   1.2723664  -5.5551040  -3.6528189 2026 01 14 04 49 48.15
0  -4968.75849  -4198.90876   4397.93605   1.3376997  -5.4911685  -3.7259487 2026 01 14 04 50 08.15
0  -4941.35320  -4308.07944   4322.69620   1.4027873  -5.4256254  -3.7978522 2026 01 14 04 50 28.15
0  -4912.64875  -4415.92335   4246.03073   1.4676122  -5.3584956  -3.8685054 2026 01 14 04 50 48.15
0  -4882.65056  -4522.40898   4167.96490   1.5321579  -5.2898001  -3.9378850 2026 01 14 04 51 08.15
0  -4851.36439  -4627.50523   4088.52441   1.5964076  -5.2195605  -4.0059677 2026 01 14 04 51 28.15
0  -4818.79632  -4731.18144   4007.73541   1.6603445  -5.1477991  -4.0727310 2026 01 14 04 51 48.15
0  -4784.95278  -4833.40740   3925.62453   1.7239519  -5.0745384  -4.1381527 2026 01 14 04 52 08.15
0  -4749.84052  -4934.15334   3842.21882   1.7872134  -4.9998014  -4.2022110 2026 01 14 04 52 28.15
0  -4713.46663  -5033.38998   3757.54575   1.8501122  -4.9236115  -4.2648846 2026 01 14 04 52 48.15
0  -4675.83852  -5131.08849   3671.63322   1.9126318  -4.8459928  -4.3261526 2026 01 14 04 53 08.15
0  -4636.96395  -5227.22055   3584.50956   1.9747558  -4.7669695  -4.3859946 2026 01 14 04 53 28.15
0  -4596.85099  -5321.75831   3496.20349   2.0364677  -4.6865665  -4.4443908 2026 01 14 04 53 48.15
0  -4555.50804  -5414.67442   3406.74411   2.0977511  -4.6048089  -4.5013217 2026 01 14 04 54 08.15
0  -4512.94385  -5505.94205   3316.16092   2.1585898  -4.5217224  -4.5567684 2026 01 14 04 54 28.15
0  -4469.16746  -5595.53488   3224.48379   2.2189675  -4.4373329  -4.6107125 2026 01 14 04 54 48.15
0  -4424.18825  -5683.42711   3131.74295   2.2788680  -4.3516670  -4.6631359 2026 01 14 04 55 08.15
0  -4378.01594  -5769.59348   3037.96900   2.3382753  -4.2647512  -4.7140213 2026 01 14 04 55 28.15
0  -4330.66055  -5854.00927   2943.19285   2.3971733  -4.1766130  -4.7633518 2026 01 14 04 55 48.15
0  -4282.13242  -5936.65030   2847.44578   2.4555463  -4.0872796  -4.8111109 2026 01 14 04 56 08.15
0  -4232.44221  -6017.49294   2750.75938   2.5133783  -3.9967792  -4.8572829 2026 01 14 04 56 28.15
0  -4181.60090  -6096.51413   2653.16553   2.5706536  -3.9051398  -4.9018523 2026 01 14 04 56 48.15
0  -4129.61978  -6173.69139   2554.69644   2.6273566  -3.8123901  -4.9448044 2026 01 14 04 57 08.15
0  -4076.51044  -6249.00279   2455.38460   2.6834719  -3.7185590  -4.9861249 2026 01 14 04 57 28.15
0  -4022.28481  -6322.42700   2355.26277   2.7389840  -3.6236757  -5.0258001 2026 01 14 04 57 48.15
0  -3966.95509  -6393.94327   2254.36401   2.7938777  -3.5277698  -5.0638169 2026 01 14 04 58 08.15
0  -3910.53380  -6463.53144   2152.72159   2.8481378  -3.4308710  -5.1001627 2026 01 14 04 58 28.15
0  -3853.03377  -6531.17195   2050.36907   2.9017492  -3.3330096  -5.1348254 2026 01 14 04 58 48.15
0  -3794.46813  -6596.84586   1947.34022   2.9546972  -3.2342160  -5.1677937 2026 01 14 04 59 08.15
0  -3734.85028  -6660.53483   1843.66903   3.0069669  -3.1345207  -5.1990566 2026 01 14 04 59 28.15
0  -3674.19394  -6722.22114   1739.38973   3.0585436  -3.0339549  -5.2286039 2026 01 14 04 59 48.15
0  -3612.51311  -6781.88768   1634.53671   3.1094130  -2.9325495  -5.2564257 2026 01 14 05 00 08.15
0  -3549.82209  -6839.51798   1529.14459   3.1595607  -2.8303362  -5.2825130 2026 01 14 05 00 28.15
0  -3486.13545  -6895.09619   1423.24814   3.2089726  -2.7273466  -5.3068571 2026 01 14 05 00 48.15
0  -3421.46805  -6948.60711   1316.88231   3.2576345  -2.6236124  -5.3294502 2026 01 14 05 01 08.15
0  -3355.83502  -7000.03616   1210.08218   3.3055327  -2.5191659  -5.3502849 2026 01 14 05 01 28.15
0  -3289.25179  -7049.36943   1102.88300   3.3526534  -2.4140393  -5.3693543 2026 01 14 05 01 48.15
0  -3221.73402  -7096.59363    995.32013   3.3989832  -2.3082650  -5.3866523 2026 01 14 05 02 08.15
0  -3153.29769  -7141.69614    887.42906   3.4445086  -2.2018758  -5.4021734 2026 01 14 05 02 28.15
0  -3083.95899  -7184.66499    779.24539   3.4892166  -2.0949043  -5.4159124 2026 01 14 05 02 48.15
0  -3013.73443  -7225.48885    670.80479   3.5330942  -1.9873836  -5.4278651 2026 01 14 05 03 08.15
0  -2942.64072  -7264.15709    562.14302   3.5761284  -1.8793468  -5.4380276 2026 01 14 05 03 28.15
0  -2870.69487  -7300.65969    453.29594   3.6183069  -1.7708270  -5.4463969 2026 01 14 05 03 48.15
0  -2797.91411  -7334.98735    344.29942   3.6596170  -1.6618577  -5.4529703 2026 01 14 05 04 08.15
0  -2724.31594  -7367.13141    235.18941   3.7000467  -1.5524723  -5.4577458 2026 01 14 05 04 28.15
0  -2649.91809  -7397.08387    126.00188   3.7395839  -1.4427043  -5.4607222 2026 01 14 05 04 48.15
0  -2574.73851  -7424.83742     16.77282   3.7782168  -1.3325874  -5.4618986 2026 01 14 05 05 08.15
0  -2498.79542  -7450.38542    -92.46177   3.8159338  -1.2221553  -5.4612750 2026 01 14 05 05 28.15
0  -2422.10725  -7473.72191   -201.66589   3.8527236  -1.1114417  -5.4588519 2026 01 14 05 05 48.15
0  -2344.69265  -7494.84158   -310.80357   3.8885750  -1.0004804  -5.4546302 2026 01 14 05 06 08.15
0  -2266.57050  -7513.73984   -419.83884   3.9234770  -0.8893054  -5.4486117 2026 01 14 05 06 28.15
0  -2187.75990  -7530.41274   -528.73579   3.9574189  -0.7779505  -5.4407986 2026 01 14 05 06 48.15
0  -2108.28015  -7544.85702   -637.45856   3.9903903  -0.6664496  -5.4311940 2026 01 14 05 07 08.15
0  -2028.15077  -7557.07011   -745.97134   4.0223810  -0.5548366  -5.4198011 2026 01 14 05 07 28.15
0  -1947.39148  -7567.05009   -854.23843   4.0533808  -0.4431455  -5.4066243 2026 01 14 05 07 48.15
0  -1866.02218  -7574.79576   -962.22418   4.0833800  -0.3314101  -5.3916681 2026 01 14 05 08 08.15
0  -1784.06299  -7580.30655  -1069.89305   4.1123690  -0.2196642  -5.3749378 2026 01 14 05 08 28.15
0  -1701.53420  -7583.58260  -1177.20963   4.1403387  -0.1079417  -5.3564394 2026 01 14 05 08 48.15
0  -1618.45630  -7584.62471  -1284.13861   4.1672799   0.0037236  -5.3361792 2026 01 14 05 09 08.15
0  -1534.84993  -7583.43437  -1390.64484   4.1931838   0.1152980  -5.3141644 2026 01 14 05 09 28.15
0  -1450.73594  -7580.01373  -1496.69328   4.2180419   0.2267480  -5.2904027 2026 01 14 05 09 48.15
0  -1366.13531  -7574.36561  -1602.24909   4.2418459   0.3380399  -5.2649022 2026 01 14 05 10 08.15
0  -1281.06922  -7566.49352  -1707.27758   4.2645878   0.4491403  -5.2376717 2026 01 14 05 10 28.15
0  -1195.55898  -7556.40161  -1811.74424   4.2862598   0.5600159  -5.2087207 2026 01 14 05 10 48.15
0  -1109.62607  -7544.09471  -1915.61475   4.3068545   0.6706333  -5.1780591 2026 01 14 05 11 08.15
0  -1023.29211  -7529.57832  -2018.85502   4.3263644   0.7809596  -5.1456975 2026 01 14 05 11 28.15
0   -936.57886  -7512.85859  -2121.43115   4.3447828   0.8909617  -5.1116469 2026 01 14 05 11 48.15
0   -849.50822  -7493.94234  -2223.30947   4.3621029   1.0006068  -5.0759189 2026 01 14 05 12 08.15
0   -762.10222  -7472.83703  -2324.45657   4.3783183   1.1098623  -5.0385258 2026 01 14 05 12 28.15
0   -674.38301  -7449.55077  -2424.83926   4.3934228   1.2186956  -4.9994803 2026 01 14 05 12 48.15
0   -586.37288  -7424.09235  -2524.42463   4.4074105   1.3270744  -4.9587957 2026 01 14 05 13 08.15
0   -498.09422  -7396.47116  -2623.18003   4.4202759   1.4349667  -4.9164859 2026 01 14 05 13 28.15
0   -409.56952  -7366.69725  -2721.07311   4.4320137   1.5423404  -4.8725652 2026 01 14 05 13 48.15
0   -320.82139  -7334.78133  -2818.07179   4.4426187   1.6491638  -4.8270485 2026 01 14 05 14 08.15
0   -231.87253  -7300.73470  -2914.14430   4.4520863   1.7554055  -4.7799511 2026 01 14 05 14 28.15
0   -142.74573  -7264.56933  -3009.25920   4.4604120   1.8610341  -4.7312892 2026 01 14 05 14 48.15
0    -53.46389  -7226.29776  -3103.38535   4.4675916   1.9660187  -4.6810789 2026 01 14 05 15 08.15
0     35.95006  -7185.93321  -3196.49196   4.4736213   2.0703284  -4.6293374 2026 01 14 05 15 28.15
0    125.47306  -7143.48947  -3288.54857   4.4784974   2.1739327  -4.5760821 2026 01 14 05 15 48.15
0    215.08201  -7098.98095  -3379.52509   4.4822166   2.2768013  -4.5213308 2026 01 14 05 16 08.15
0    304.75376  -7052.42268  -3469.39178   4.4847759   2.3789042  -4.4651020 2026 01 14 05 16 28.15
0    394.46506  -7003.83025  -3558.11928   4.4861726   2.4802117  -4.4074146 2026 01 14 05 16 48.15
0    484.19264  -6953.21987  -3645.67860   4.4864043   2.5806943  -4.3482878 2026 01 14 05 17 08.15
0    573.91319  -6900.60833  -3732.04117   4.4854688   2.6803230  -4.2877417 2026 01 14 05 17 28.15
0    663.60334  -6846.01301  -3817.17879   4.4833644   2.7790689  -4.2257963 2026 01 14 05 17 48.15
0    753.23969  -6789.45183  -3901.06369   4.4800894   2.8769035  -4.1624725 2026 01 14 05 18 08.15
0    842.79882  -6730.94332  -3983.66851   4.4756426   2.9737986  -4.0977913 2026 01 14 05 18 28.15
0    932.25729  -6670.50653  -4064.96631   4.4700231   3.0697264  -4.0317744 2026 01 14 05 18 48.15
0   1021.59163  -6608.16109  -4144.93061   4.4632302   3.1646593  -3.9644438 2026 01 14 05 19 08.15
0   1110.77838  -6543.92717  -4223.53534   4.4552636   3.2585702  -3.8958219 2026 01 14 05 19 28.15
0   1199.79405  -6477.82548  -4300.75492   4.4461233   3.3514323  -3.8259316 2026 01 14 05 19 48.15
0   1288.61518  -6409.87726  -4376.56420   4.4358095   3.4432192  -3.7547960 2026 01 14 05 20 08.15
0   1377.21831  -6340.10428  -4450.93852   4.4243227   3.5339047  -3.6824389 2026 01 14 05 20 28.15
0   1465.57997  -6268.52881  -4523.85369   4.4116639   3.6234632  -3.6088842 2026 01 14 05 20 48.15
0   1553.67674  -6195.17367  -4595.28599   4.3978342   3.7118692  -3.5341563 2026 01 14 05 21 08.15
0   1641.48522  -6120.06213  -4665.21221   4.3828350   3.7990980  -3.4582800 2026 01 14 05 21 28.15
0   1728.98204  -6043.21800  -4733.60963   4.3666681   3.8851250  -3.3812804 2026 01 14 05 21 48.15
0   1816.14386  -5964.66555  -4800.45604   4.3493355   3.9699259  -3.3031829 2026 01 14 05 22 08.15
0   1902.94739  -5884.42955  -4865.72975   4.3308397   4.0534772  -3.2240133 2026 01 14 05 22 28.15
0   1989.36939  -5802.53521  -4929.40956   4.3111833   4.1357555  -3.1437978 2026 01 14 05 22 48.15
0   2075.38668  -5719.00824  -4991.47482   4.2903692   4.2167378  -3.0625629 2026 01 14 05 23 08.15
0   2160.97614  -5633.87476  -5051.90542   4.2684007   4.2964018  -2.9803352 2026 01 14 05 23 28.15
0   2246.11472  -5547.16138  -5110.68176   4.2452814   4.3747253  -2.8971419 2026 01 14 05 23 48.15
0   2330.77944  -5458.89511  -5167.78482   4.2210152   4.4516868  -2.8130104 2026 01 14 05 24 08.15
0   2414.94739  -5369.10342  -5223.19609   4.1956061   4.5272651  -2.7279682 2026 01 14 05 24 28.15
0   2498.59578  -5277.81416  -5276.89765   4.1690587   4.6014395  -2.6420434 2026 01 14 05 24 48.15
0   2581.70187  -5185.05562  -5328.87212   4.1413776   4.6741898  -2.5552641 2026 01 14 05 25 08.15
0   2664.24305  -5090.85649  -5379.10270   4.1125680   4.7454961  -2.4676588 2026 01 14 05 25 28.15
0   2746.19680  -4995.24584  -5427.57316   4.0826353   4.8153391  -2.3792562 2026 01 14 05 25 48.15
0   2827.54071  -4898.25312  -5474.26783   4.0515849   4.8836998  -2.2900853 2026 01 14 05 26 08.15
0   2908.25249  -4799.90816  -5519.17165   4.0194230   4.9505600  -2.2001751 2026 01 14 05 26 28.15
0   2988.30996  -4700.24115  -5562.27012   3.9861556   5.0159016  -2.1095552 2026 01 14 05 26 48.15
0   3067.69109  -4599.28265  -5603.54934   3.9517894   5.0797072  -2.0182552 2026 01 14 05 27 08.15
0   3146.37397  -4497.06354  -5642.99601   3.9163311   5.1419597  -1.9263048 2026 01 14 05 27 28.15
0   3224.33682  -4393.61504  -5680.59742   3.8797879   5.2026428  -1.8337341 2026 01 14 05 27 48.15
0   3301.55803  -4288.96872  -5716.34147   3.8421671   5.2617403  -1.7405733 2026 01 14 05 28 08.15
0   3378.01610  -4183.15643  -5750.21665   3.8034764   5.3192368  -1.6468527 2026 01 14 05 28 28.15
0   3453.68974  -4076.21035  -5782.21207   3.7637238   5.3751172  -1.5526029 2026 01 14 05 28 48.15
0   3528.55777  -3968.16294  -5812.31747   3.7229176   5.4293670  -1.4578545 2026 01 14 05 29 08.15
0   3602.59921  -3859.04696  -5840.52317   3.6810662   5.4819722  -1.3626385 2026 01 14 05 29 28.15
0   3675.79326  -3748.89544  -5866.82013   3.6381785   5.5329192  -1.2669857 2026 01 14 05 29 48.15
0   3748.11926  -3637.74167  -5891.19992   3.5942637   5.5821951  -1.1709272 2026 01 14 05 30 08.15
0   3819.55678  -3525.61919  -5913.65475   3.5493310   5.6297872  -1.0744944 2026 01 14 05 30 28.15
0   3890.08555  -3412.56181  -5934.17744   3.5033901   5.6756837  -0.9777184 2026 01 14 05 30 48.15
0   3959.68550  -3298.60356  -5952.76144   3.4564511   5.7198730  -0.8806307 2026 01 14 05 31 08.15
0   4028.33678  -3183.77868  -5969.40083   3.4085240   5.7623441  -0.7832629 2026 01 14 05 31 28.15
0   4096.01973  -3068.12165  -5984.09032   3.3596194   5.8030866  -0.6856464 2026 01 14 05 31 48.15
0   4162.71490  -2951.66715  -5996.82526   3.3097480   5.8420906  -0.5878130 2026 01 14 05 32 08.15
0   4228.40308  -2834.45002  -6007.60162   3.2589210   5.8793465  -0.4897943 2026 01 14 05 32 28.15
0   4293.06525  -2716.50533  -6016.41603   3.2071494   5.9148456  -0.3916221 2026 01 14 05 32 48.15
0   4356.68264  -2597.86830  -6023.26571   3.1544450   5.9485794  -0.2933283 2026 01 14 05 33 08.15
0   4419.23672  -2478.57432  -6028.14857   3.1008195   5.9805401  -0.1949446 2026 01 14 05 33 28.15
0   4480.70919  -2358.65891  -6031.06312   3.0462851   6.0107203  -0.0965028 2026 01 14 05 33 48.15
0   4541.08198  -2238.15776  -6032.00851   2.9908541   6.0391133   0.0019650 2026 01 14 05 34 08.15
0   4600.33729  -2117.10667  -6030.98455   2.9345390   6.0657128   0.1004272 2026 01 14 05 34 28.15
0   4658.45757  -1995.54158  -6027.99167   2.8773528   6.0905130   0.1988518 2026 01 14 05 34 48.15
0   4715.42552  -1873.49852  -6023.03093   2.8193086   6.1135087   0.2972070 2026 01 14 05 35 08.15
0   4771.22413  -1751.01364  -6016.10405   2.7604197   6.1346952   0.3954610 2026 01 14 05 35 28.15
0   4825.83663  -1628.12315  -6007.21336   2.7006998   6.1540684   0.4935820 2026 01 14 05 35 48.15
0   4879.24654  -1504.86335  -5996.36184   2.6401627   6.1716247   0.5915383 2026 01 14 05 36 08.15
0   4931.43765  -1381.27064  -5983.55310   2.5788225   6.1873608   0.6892983 2026 01 14 05 36 28.15
0   4982.39405  -1257.38142  -5968.79139   2.5166936   6.2012744   0.7868303 2026 01 14 05 36 48.15
0   5032.10011  -1133.23217  -5952.08158   2.4537905   6.2133632   0.8841028 2026 01 14 05 37 08.15
0   5080.54049  -1008.85941  -5933.42917   2.3901282   6.2236259   0.9810843 2026 01 14 05 37 28.15
0   5127.70016   -884.29967  -5912.84029   2.3257216   6.2320614   1.0777436 2026 01 14 05 37 48.15
0   5173.56439   -759.58949  -5890.32171   2.2605860   6.2386692   1.1740494 2026 01 14 05 38 08.15
0   5218.11875   -634.76544  -5865.88081   2.1947370   6.2434495   1.2699705 2026 01 14 05 38 28.15
0   5261.34913   -509.86405  -5839.52559   2.1281904   6.2464029   1.3654759 2026 01 14 05 38 48.15
0   5303.24173   -384.92185  -5811.26467   2.0609619   6.2475305   1.4605348 2026 01 14 05 39 08.15
0   5343.78309   -259.97535  -5781.10729   1.9930680   6.2468338   1.5551164 2026 01 14 05 39 28.15
0   5382.96005   -135.06101  -5749.06330   1.9245249   6.2443152   1.6491901 2026 01 14 05 39 48.15
0   5420.75979    -10.21524  -5715.14317   1.8553493   6.2399773   1.7427255 2026 01 14 05 40 08.15
0   5457.16985    114.52560  -5679.35796   1.7855580   6.2338234   1.8356924 2026 01 14 05 40 28.15
0   5492.17806    239.12523  -5641.71935   1.7151681   6.2258571   1.9280606 2026 01 14 05 40 48.15
0   5525.77264    363.54745  -5602.23960   1.6441967   6.2160828   2.0198003 2026 01 14 05 41 08.15
0   5557.94212    487.75614  -5560.93159   1.5726613   6.2045053   2.1108818 2026 01 14 05 41 28.15
0   5588.67540    611.71529  -5517.80878   1.5005796   6.1911298   2.2012756 2026 01 14 05 41 48.15
0   5617.96174    735.38899  -5472.88521   1.4279693   6.1759621   2.2909523 2026 01 14 05 42 08.15
0   5645.79074    858.74147  -5426.17551   1.3548486   6.1590086   2.3798830 2026 01 14 05 42 28.15
0   5672.15237    981.73707  -5377.69490   1.2812355   6.1402762   2.4680389 2026 01 14 05 42 48.15
0   5697.03698   1104.34029  -5327.45915   1.2071485   6.1197721   2.5553913 2026 01 14 05 43 08.15
0   5720.43526   1226.51578  -5275.48463   1.1326061   6.0975041   2.6419119 2026 01 14 05 43 28.15
0   5742.33830   1348.22833  -5221.78824   1.0576271   6.0734808   2.7275727 2026 01 14 05 43 48.15
0   5762.73755   1469.44294  -5166.38747   0.9822304   6.0477108   2.8123458 2026 01 14 05 44 08.15
0   5781.62486   1590.12476  -5109.30033   0.9064350   6.0202036   2.8962038 2026 01 14 05 44 28.15
0   5798.99243   1710.23913  -5050.54542   0.8302602   5.9909690   2.9791193 2026 01 14 05 44 48.15
0   5814.83288   1829.75163  -4990.14184   0.7537253   5.9600174   3.0610654 2026 01 14 05 45 08.15
0   5829.13919   1948.62801  -4928.10925   0.6768500   5.9273594   3.1420156 2026 01 14 05 45 28.15
0   5841.90476   2066.83425  -4864.46784   0.5996538   5.8930066   3.2219434 2026 01 14 05 45 48.15
0   5853.12337   2184.33659  -4799.23832   0.5221567   5.8569706   3.3008229 2026 01 14 05 46 08.15
0   5862.78919   2301.10147  -4732.44190   0.4443786   5.8192637   3.3786283 2026 01 14 05 46 28.15
0   5870.89681   2417.09561  -4664.10032   0.3663397   5.7798986   3.4553343 2026 01 14 05 46 48.15
0   5877.44122   2532.28598  -4594.23583   0.2880601   5.7388886   3.5309159 2026 01 14 05 47 08.15
0   5882.41780   2646.63980  -4522.87115   0.2095603   5.6962474   3.6053485 2026 01 14 05 47 28.15
0   5885.82236   2760.12461  -4450.02952   0.1308607   5.6519890   3.6786077 2026 01 14 05 47 48.15
0   5887.65110   2872.70819  -4375.73463   0.0519819   5.6061281   3.7506696 2026 01 14 05 48 08.15
0   5887.90065   2984.35866  -4300.01068  -0.0270553   5.5586798   3.8215107 2026 01 14 05 48 28.15
0   5886.56805   3095.04441  -4222.88230  -0.1062302   5.5096595   3.8911079 2026 01 14 05 48 48.15
0   5883.65076   3204.73416  -4144.37461  -0.1855217   5.4590832   3.9594383 2026 01 14 05 49 08.15
0   5879.14664   3313.39697  -4064.51318  -0.2649089   5.4069673   4.0264795 2026 01 14 05 49 28.15
0   5873.05400   3421.00220  -3983.32399  -0.3443706   5.3533286   4.0922097 2026 01 14 05 49 48.15
0   5865.37157   3527.51956  -3900.83349  -0.4238857   5.2981843   4.1566072 2026 01 14 05 50 08.15
0   5856.09847   3632.91914  -3817.06854  -0.5034329   5.2415522   4.2196509 2026 01 14 05 50 28.15
0   5845.23430   3737.17134  -3732.05644  -0.5829909   5.1834503   4.2813202 2026 01 14 05 50 48.15
0   5832.77904   3840.24695  -3645.82486  -0.6625381   5.1238971   4.3415947 2026 01 14 05 51 08.15
0   5818.73312   3942.11716  -3558.40191  -0.7420532   5.0629117   4.4004546 2026 01 14 05 51 28.15
0   5803.09740   4042.75348  -3469.81607  -0.8215145   5.0005133   4.4578806 2026 01 14 05 51 48.15
0   5785.87318   4142.12788  -3380.09621  -0.9009006   4.9367216   4.5138537 2026 01 14 05 52 08.15
0   5767.06218   4240.21267  -3289.27158  -0.9801897   4.8715567   4.5683555 2026 01 14 05 52 28.15
0   5746.66654   4336.98061  -3197.37177  -1.0593602   4.8050393   4.6213680 2026 01 14 05 52 48.15
0   5724.68887   4432.40485  -3104.42676  -1.1383903   4.7371901   4.6728737 2026 01 14 05 53 08.15
0   5701.13218   4526.45896  -3010.46685  -1.2172584   4.6680304   4.7228555 2026 01 14 05 53 28.15
0   5675.99994   4619.11696  -2915.52267  -1.2959426   4.5975819   4.7712970 2026 01 14 05 53 48.15
0   5649.29603   4710.35328  -2819.62521  -1.3744211   4.5258665   4.8181820 2026 01 14 05 54 08.15
0   5621.02479   4800.14281  -2722.80575  -1.4526723   4.4529065   4.8634951 2026 01 14 05 54 28.15
0   5591.19099   4888.46089  -2625.09587  -1.5306742   4.3787248   4.9072212 2026 01 14 05 54 48.15
0   5559.79983   4975.28331  -2526.52747  -1.6084051   4.3033442   4.9493457 2026 01 14 05 55 08.15
0   5526.85694   5060.58633  -2427.13271  -1.6858432   4.2267883   4.9898547 2026 01 14 05 55 28.15
0   5492.36841   5144.34667  -2326.94404  -1.7629667   4.1490806   5.0287346 2026 01 14 05 55 48.15
0   5456.34073   5226.54154  -2225.99418  -1.8397538   4.0702452   5.0659725 2026 01 14 05 56 08.15
0   5418.78086   5307.14864  -2124.31608  -1.9161829   3.9903063   5.1015560 2026 01 14 05 56 28.15
0   5379.69617   5386.14613  -2021.94297  -1.9922323   3.9092888   5.1354731 2026 01 14 05 56 48.15
0   5339.09447   5463.51270  -1918.90827  -2.0678803   3.8272174   5.1677125 2026 01 14 05 57 08.15
0   5296.98400   5539.22751  -1815.24565  -2.1431052   3.7441173   5.1982634 2026 01 14 05 57 28.15
0   5253.37345   5613.27025  -1710.98900  -2.2178856   3.6600142   5.2271155 2026 01 14 05 57 48.15
0   5208.27192   5685.62111  -1606.17237  -2.2922000   3.5749337   5.2542591 2026 01 14 05 58 08.15
0   5161.68894   5756.26082  -1500.83003  -2.3660269   3.4889019   5.2796850 2026 01 14 05 58 28.15
0   5113.63448   5825.17059  -1394.99643  -2.4393449   3.4019451   5.3033847 2026 01 14 05 58 48.15
0   5064.11892   5892.33221  -1288.70617  -2.5121329   3.3140898   5.3253500 2026 01 14 05 59 08.15
0   5013.15308   5957.72796  -1181.99400  -2.5843695   3.2253629   5.3455736 2026 01 14 05 59 28.15
0   4960.74820   6021.34069  -1074.89485  -2.6560338   3.1357913   5.3640485 2026 01 14 05 59 48.15
0   4906.91593   6083.15377   -967.44374  -2.7271046   3.0454022   5.3807683 2026 01 14 06 00 08.15
0   4851.66835   6143.15113   -859.67583  -2.7975612   2.9542233   5.3957275 2026 01 14 06 00 28.15
0   4795.01796   6201.31724   -751.62639  -2.8673826   2.8622821   5.4089207 2026 01 14 06 00 48.15
0   4736.97767   6257.63715   -643.33079  -2.9365484   2.7696064   5.4203433 2026 01 14 06 01 08.15
0   4677.56078   6312.09644   -534.82448  -3.0050378   2.6762245   5.4299914 2026 01 14 06 01 28.15
0   4616.78104   6364.68126   -426.14298  -3.0728306   2.5821644   5.4378615 2026 01 14 06 01 48.15
0   4554.65258   6415.37835   -317.32188  -3.1399064   2.4874546   5.4439508 2026 01 14 06 02 08.15
0   4491.18994   6464.17498   -208.39683  -3.2062451   2.3921238   5.4482570 2026 01 14 06 02 28.15
0   4426.40806   6511.05904    -99.40350  -3.2718267   2.2962005   5.4507784 2026 01 14 06 02 48.15
0   4360.32229   6556.01894      9.62240  -3.3366314   2.1997138   5.4515139 2026 01 14 06 03 08.15
0   4292.94835   6599.04373    118.64515  -3.4006396   2.1026925   5.4504630 2026 01 14 06 03 28.15
0   4224.30237   6640.12299    227.62901  -3.4638318   2.0051659   5.4476259 2026 01 14 06 03 48.15
0   4154.40087   6679.24691    336.53827  -3.5261886   1.9071633   5.4430032 2026 01 14 06 04 08.15
0   4083.26075   6716.40627    445.33723  -3.5876909   1.8087139   5.4365961 2026 01 14 06 04 28.15
0   4010.89928   6751.59243    553.99022  -3.6483198   1.7098473   5.4284065 2026 01 14 06 04 48.15
0   3937.33412   6784.79733    662.46161  -3.7080566   1.6105930   5.4184369 2026 01 14 06 05 08.15
0   3862.58329   6816.01352    770.71584  -3.7668827   1.5109806   5.4066902 2026 01 14 06 05 28.15
0   3786.66520   6845.23413    878.71739  -3.8247797   1.4110399   5.3931702 2026 01 14 06 05 48.15
0   3709.59861   6872.45290    986.43084  -3.8817296   1.3108007   5.3778811 2026 01 14 06 06 08.15
0   3631.40264   6897.66415   1093.82085  -3.9377145   1.2102927   5.3608275 2026 01 14 06 06 28.15
0   3552.09677   6920.86281   1200.85219  -3.9927166   1.1095459   5.3420149 2026 01 14 06 06 48.15
0   3471.70083   6942.04439   1307.48974  -4.0467185   1.0085901   5.3214493 2026 01 14 06 07 08.15
0   3390.23499   6961.20502   1413.69850  -4.0997031   0.9074553   5.2991371 2026 01 14 06 07 28.15
0   3307.71976   6978.34142   1519.44361  -4.1516533   0.8061715   5.2750856 2026 01 14 06 07 48.15
0   3224.17602   6993.45090   1624.69036  -4.2025525   0.7047685   5.2493024 2026 01 14 06 08 08.15
0   3139.62493   7006.53139   1729.40420  -4.2523841   0.6032764   5.2217958 2026 01 14 06 08 28.15
0   3054.08802   7017.58139   1833.55074  -4.3011321   0.5017251   5.1925745 2026 01 14 06 08 48.15
0   2967.58712   7026.60003   1937.09579  -4.3487804   0.4001444   5.1616481 2026 01 14 06 09 08.15
0   2880.14437   7033.58701   2040.00534  -4.3953134   0.2985643   5.1290265 2026 01 14 06 09 28.15
0   2791.78224   7038.54264   2142.24559  -4.4407157   0.1970147   5.0947203 2026 01 14 06 09 48.15
0   2702.52350   7041.46784   2243.78296  -4.4849722   0.0955252   5.0587404 2026 01 14 06 10 08.15
0   2612.39120   7042.36410   2344.58410  -4.5280681  -0.0058742   5.0210987 2026 01 14 06 10 28.15
0   2521.40871   7041.23352   2444.61588  -4.5699889  -0.1071541   4.9818072 2026 01 14 06 10 48.15
0   2429.59967   7038.07879   2543.84544  -4.6107204  -0.2082847   4.9408787 2026 01 14 06 11 08.15
0   2336.98800   7032.90319   2642.24017  -4.6502486  -0.3092366   4.8983266 2026 01 14 06 11 28.15
0   2243.59792   7025.71058   2739.76773  -4.6885598  -0.4099804   4.8541646 2026 01 14 06 11 48.15
0   2149.45389   7016.50542   2836.39607  -4.7256409  -0.5104867   4.8084071 2026 01 14 06 12 08.15
0   2054.58064   7005.29275   2932.09343  -4.7614789  -0.6107264   4.7610690 2026 01 14 06 12 28.15
0   1959.00317   6992.07820   3026.82834  -4.7960610  -0.7106703   4.7121657 2026 01 14 06 12 48.15
0   1862.74671   6976.86797   3120.56967  -4.8293749  -0.8102896   4.6617131 2026 01 14 06 13 08.15
0   1765.83676   6959.66885   3213.28659  -4.8614087  -0.9095555   4.6097277 2026 01 14 06 13 28.15
0   1668.29903   6940.48818   3304.94861  -4.8921506  -1.0084392   4.5562264 2026 01 14 06 13 48.15
0   1570.15946   6919.33389   3395.52559  -4.9215893  -1.1069124   4.5012267 2026 01 14 06 14 08.15
0   1471.44425   6896.21448   3484.98773  -4.9497139  -1.2049466   4.4447466 2026 01 14 06 14 28.15
0   1372.17977   6871.13902   3573.30562  -4.9765137  -1.3025137   4.3868044 2026 01 14 06 14 48.15
0   1272.39263   6844.11712   3660.45020  -5.0019783  -1.3995857   4.3274191 2026 01 14 06 15 08.15
0   1172.10963   6815.15896   3746.39280  -5.0260980  -1.4961349   4.2666101 2026 01 14 06 15 28.15
0   1071.35777   6784.27528   3831.10515  -5.0488630  -1.5921336   4.2043972 2026 01 14 06 15 48.15
0    970.16422   6751.47736   3914.55937  -5.0702643  -1.6875544   4.1408008 2026 01 14 06 16 08.15
0    868.55636   6716.77702   3996.72799  -5.0902928  -1.7823703   4.0758418 2026 01 14 06 16 28.15
0    766.56173   6680.18665   4077.58398  -5.1089403  -1.8765542   4.0095412 2026 01 14 06 16 48.15
0    664.20803   6641.71914   4157.10072  -5.1261985  -1.9700794   3.9419208 2026 01 14 06 17 08.15
0    561.52312   6601.38793   4235.25204  -5.1420597  -2.0629195   3.8730028 2026 01 14 06 17 28.15
0    458.53502   6559.20700   4312.01220  -5.1565166  -2.1550482   3.8028097 2026 01 14 06 17 48.15
0    355.27188   6515.19082   4387.35594  -5.1695622  -2.2464395   3.7313643 2026 01 14 06 18 08.15
0    251.76199   6469.35441   4461.25844  -5.1811900  -2.3370677   3.6586902 2026 01 14 06 18 28.15
0    148.03378   6421.71328   4533.69537  -5.1913937  -2.4269074   3.5848112 2026 01 14 06 18 48.15
0     44.11579   6372.28345   4604.64286  -5.2001675  -2.5159334   3.5097513 2026 01 14 06 19 08.15
0    -59.96333   6321.08145   4674.07755  -5.2075061  -2.6041207   3.4335351 2026 01 14 06 19 28.15
0   -164.17483   6268.12429   4741.97656  -5.2134044  -2.6914448   3.3561877 2026 01 14 06 19 48.15
0   -268.48985   6213.42949   4808.31751  -5.2178578  -2.7778814   3.2777343 2026 01 14 06 20 08.15
0   -372.87946   6157.01504   4873.07855  -5.2208620  -2.8634064   3.1982007 2026 01 14 06 20 28.15
0   -477.31462   6098.89940   4936.23833  -5.2224134  -2.9479961   3.1176128 2026 01 14 06 20 48.15
0   -581.76625   6039.10152   4997.77603  -5.2225084  -3.0316271   3.0359972 2026 01 14 06 21 08.15
0   -686.20519   5977.64080   5057.67135  -5.2211440  -3.1142764   2.9533804 2026 01 14 06 21 28.15
0   -790.60223   5914.53711   5115.90456  -5.2183178  -3.1959213   2.8697896 2026 01 14 06 21 48.15
0   -894.92810   5849.81075   5172.45643  -5.2140274  -3.2765392   2.7852521 2026 01 14 06 22 08.15
0   -999.15351   5783.48249   5227.30832  -5.2082711  -3.3561082   2.6997957 2026 01 14 06 22 28.15
0  -1103.24911   5715.57353   5280.44212  -5.2010475  -3.4346066   2.6134484 2026 01 14 06 22 48.15
0  -1207.18556   5646.10549   5331.84030  -5.1923558  -3.5120128   2.5262384 2026 01 14 06 23 08.15
0  -1310.93349   5575.10042   5381.48589  -5.1821953  -3.5883060   2.4381943 2026 01 14 06 23 28.15
0  -1414.46351   5502.58080   5429.36249  -5.1705660  -3.6634654   2.3493450 2026 01 14 06 23 48.15
0  -1517.74626   5428.56949   5475.45431  -5.1574681  -3.7374709   2.2597196 2026 01 14 06 24 08.15
0  -1620.75237   5353.08979   5519.74610  -5.1429024  -3.8103024   2.1693474 2026 01 14 06 24 28.15
0  -1723.45250   5276.16537   5562.22322  -5.1268700  -3.8819404   2.0782582 2026 01 14 06 24 48.15
0  -1825.81731   5197.82028   5602.87164  -5.1093725  -3.9523658   1.9864816 2026 01 14 06 25 08.15
0  -1927.81755   5118.07898   5641.67791  -5.0904119  -4.0215598   1.8940480 2026 01 14 06 25 28.15
0  -2029.42395   5036.96626   5678.62918  -5.0699906  -4.0895040   1.8009874 2026 01 14 06 25 48.15
0  -2130.60734   4954.50732   5713.71323  -5.0481113  -4.1561804   1.7073305 2026 01 14 06 26 08.15
0  -2231.33859   4870.72767   5746.91844  -5.0247774  -4.2215715   1.6131080 2026 01 14 06 26 28.15
0  -2331.58865   4785.65321   5778.23381  -4.9999925  -4.2856601   1.5183507 2026 01 14 06 26 48.15
0  -2431.32852   4699.31014   5807.64894  -4.9737607  -4.3484294   1.4230897 2026 01 14 06 27 08.15
0  -2530.52933   4611.72502   5835.15408  -4.9460865  -4.4098631   1.3273564 2026 01 14 06 27 28.15
0  -2629.16227   4522.92472   5860.74009  -4.9169749  -4.4699453   1.2311820 2026 01 14 06 27 48.15
0  -2727.19865   4432.93642   5884.39847  -4.8864313  -4.5286603   1.1345981 2026 01 14 06 28 08.15
0  -2824.60987   4341.78762   5906.12135  -4.8544613  -4.5859933   1.0376365 2026 01 14 06 28 28.15
0  -2921.36749   4249.50612   5925.90149  -4.8210712  -4.6419294   0.9403290 2026 01 14 06 28 48.15
0  -3017.44315   4156.11998   5943.73230  -4.7862676  -4.6964544   0.8427074 2026 01 14 06 29 08.15
0  -3112.80866   4061.65757   5959.60780  -4.7500576  -4.7495547   0.7448039 2026 01 14 06 29 28.15
0  -3207.43598   3966.14752   5973.52268  -4.7124487  -4.8012168   0.6466505 2026 01 14 06 29 48.15
0  -3301.29718   3869.61872   5985.47228  -4.6734486  -4.8514277   0.5482795 2026 01 14 06 30 08.15
0  -3394.36454   3772.10032   5995.45255  -4.6330658  -4.9001752   0.4497232 2026 01 14 06 30 28.15
0  -3486.61049   3673.62171   6003.46012  -4.5913088  -4.9474471   0.3510141 2026 01 14 06 30 48.15
0  -3578.00764   3574.21252   6009.49226  -4.5481869  -4.9932318   0.2521844 2026 01 14 06 31 08.15
0  -3668.52877   3473.90260   6013.54687  -4.5037096  -5.0375184   0.1532667 2026 01 14 06 31 28.15
0  -3758.14689   3372.72202   6015.62253  -4.4578868  -5.0802960   0.0542934 2026 01 14 06 31 48.15
0  -3846.83518   3270.70106   6015.71845  -4.4107288  -5.1215546  -0.0447028 2026 01 14 06 32 08.15
0  -3934.56706   3167.87021   6013.83449  -4.3622466  -5.1612843  -0.1436894 2026 01 14 06 32 28.15
0  -4021.31614   3064.26013   6009.97117  -4.3124511  -5.1994759  -0.2426340 2026 01 14 06 32 48.15
0  -4107.05627   2959.90168   6004.12966  -4.2613541  -5.2361206  -0.3415039 2026 01 14 06 33 08.15
0  -4191.76155   2854.82587   5996.31178  -4.2089675  -5.2712100  -0.4402666 2026 01 14 06 33 28.15
0  -4275.40631   2749.06389   5986.52000  -4.1553037  -5.3047363  -0.5388896 2026 01 14 06 33 48.15
0  -4357.96512   2642.64708   5974.75743  -4.1003754  -5.3366920  -0.6373405 2026 01 14 06 34 08.15
0  -4439.41284   2535.60692   5961.02785  -4.0441959  -5.3670703  -0.7355868 2026 01 14 06 34 28.15
0  -4519.72457   2427.97502   5945.33566  -3.9867786  -5.3958646  -0.8335962 2026 01 14 06 34 48.15
0  -4598.87569   2319.78313   5927.68592  -3.9281377  -5.4230689  -0.9313364 2026 01 14 06 35 08.15
0  -4676.84188   2211.06309   5908.08436  -3.8682873  -5.4486778  -1.0287753 2026 01 14 06 35 28.15
0  -4753.59910   2101.84688   5886.53730  -3.8072423  -5.4726862  -1.1258806 2026 01 14 06 35 48.15
0  -4829.12359   1992.16653   5863.05175  -3.7450177  -5.4950894  -1.2226204 2026 01 14 06 36 08.15
0  -4903.39194   1882.05421   5837.63533  -3.6816291  -5.5158835  -1.3189629 2026 01 14 06 36 28.15
0  -4976.38100   1771.54212   5810.29630  -3.6170924  -5.5350649  -1.4148761 2026 01 14 06 36 48.15
0  -5048.06799   1660.66256   5781.04358  -3.5514236  -5.5526303  -1.5103285 2026 01 14 06 37 08.15
0  -5118.43042   1549.44787   5749.88669  -3.4846396  -5.5685771  -1.6052886 2026 01 14 06 37 28.15
0  -5187.44616   1437.93044   5716.83578  -3.4167571  -5.5829031  -1.6997249 2026 01 14 06 37 48.15
0  -5255.09342   1326.14271   5681.90165  -3.3477937  -5.5956067  -1.7936065 2026 01 14 06 38 08.15
0  -5321.35075   1214.11714   5645.09571  -3.2777669  -5.6066866  -1.8869021 2026 01 14 06 38 28.15
0  -5386.19706   1101.88622   5606.42997  -3.2066948  -5.6161421  -1.9795811 2026 01 14 06 38 48.15
0  -5449.61164    989.48242   5565.91709  -3.1345957  -5.6239728  -2.0716127 2026 01 14 06 39 08.15
0  -5511.57412    876.93825   5523.57030  -3.0614886  -5.6301791  -2.1629665 2026 01 14 06 39 28.15
0  -5572.06455    764.28619   5479.40348  -2.9873923  -5.6347615  -2.2536124 2026 01 14 06 39 48.15
0  -5631.06332    651.55871   5433.43106  -2.9123263  -5.6377213  -2.3435204 2026 01 14 06 40 08.15
0  -5688.55124    538.78824   5385.66813  -2.8363104  -5.6390601  -2.4326606 2026 01 14 06 40 28.15
0  -5744.50952    426.00718   5336.13032  -2.7593646  -5.6387800  -2.5210036 2026 01 14 06 40 48.15
0  -5798.91975    313.24788   5284.83386  -2.6815093  -5.6368836  -2.6085201 2026 01 14 06 41 08.15
0  -5851.76396    200.54264   5231.79559  -2.6027652  -5.6333739  -2.6951812 2026 01 14 06 41 28.15
0  -5903.02458     87.92370   5177.03290  -2.5231534  -5.6282545  -2.7809581 2026 01 14 06 41 48.15
0  -5952.68446    -24.57680   5120.56374  -2.4426951  -5.6215293  -2.8658224 2026 01 14 06 42 08.15
0  -6000.72690   -136.92678   5062.40667  -2.3614120  -5.6132029  -2.9497460 2026 01 14 06 42 28.15
0  -6047.13561   -249.09427   5002.58077  -2.2793260  -5.6032800  -3.0327010 2026 01 14 06 42 48.15
0  -6091.89476   -361.04738   4941.10568  -2.1964592  -5.5917662  -3.1146599 2026 01 14 06 43 08.15
0  -6134.98896   -472.75437   4878.00161  -2.1128343  -5.5786673  -3.1955956 2026 01 14 06 43 28.15
0  -6176.40327   -584.18358   4813.28928  -2.0284739  -5.5639896  -3.2754812 2026 01 14 06 43 48.15
0  -6216.12322   -695.30352   4746.98996  -1.9434011  -5.5477398  -3.3542901 2026 01 14 06 44 08.15
0  -6254.13478   -806.08280   4679.12545  -1.8576392  -5.5299251  -3.4319961 2026 01 14 06 44 28.15
0  -6290.42440   -916.49022   4609.71806  -1.7712117  -5.5105534  -3.5085736 2026 01 14 06 44 48.15
0  -6324.97902  -1026.49470   4538.79063  -1.6841425  -5.4896325  -3.5839970 2026 01 14 06 45 08.15
0  -6357.78604  -1136.06534   4466.36647  -1.5964556  -5.4671712  -3.6582413 2026 01 14 06 45 28.15
0  -6388.83336  -1245.17144   4392.46943  -1.5081753  -5.4431784  -3.7312818 2026 01 14 06 45 48.15
0  -6418.10933  -1353.78245   4317.12382  -1.4193261  -5.4176635  -3.8030942 2026 01 14 06 46 08.15
0  -6445.60284  -1461.86804   4240.35444  -1.3299329  -5.3906365  -3.8736547 2026 01 14 06 46 28.15
0  -6471.30326  -1569.39805   4162.18657  -1.2400205  -5.3621076  -3.9429397 2026 01 14 06 46 48.15
0  -6495.20044  -1676.34256   4082.64594  -1.1496141  -5.3320877  -4.0109263 2026 01 14 06 47 08.15
0  -6517.28477  -1782.67186   4001.75875  -1.0587392  -5.3005878  -4.0775918 2026 01 14 06 47 28.15
0  -6537.54713  -1888.35646   3919.55164  -0.9674213  -5.2676195  -4.1429141 2026 01 14 06 47 48.15
0  -6555.97892  -1993.36712   3836.05171  -0.8756863  -5.2331949  -4.2068715 2026 01 14 06 48 08.15
0  -6572.57204  -2097.67483   3751.28645  -0.7835599  -5.1973264  -4.2694425 2026 01 14 06 48 28.15
0  -6587.31895  -2201.25085   3665.28380  -0.6910684  -5.1600268  -4.3306066 2026 01 14 06 48 48.15
0  -6600.21259  -2304.06667   3578.07212  -0.5982381  -5.1213093  -4.3903432 2026 01 14 06 49 08.15
0  -6611.24646  -2406.09409   3489.68014  -0.5050955  -5.0811875  -4.4486325 2026 01 14 06 49 28.15
0  -6620.41457  -2507.30514   3400.13700  -0.4116670  -5.0396755  -4.5054551 2026 01 14 06 49 48.15
0  -6627.71148  -2607.67218   3309.47224  -0.3179796  -4.9967877  -4.5607922 2026 01 14 06 50 08.15
0  -6633.13227  -2707.16783   3217.71574  -0.2240600  -4.9525389  -4.6146252 2026 01 14 06 50 28.15
0  -6636.67257  -2805.76502   3124.89777  -0.1299352  -4.9069443  -4.6669364 2026 01 14 06 50 48.15
0  -6638.32855  -2903.43699   3031.04894  -0.0356324  -4.8600193  -4.7177083 2026 01 14 06 51 08.15
0  -6638.09692  -3000.15730   2936.20020   0.0588211  -4.8117800  -4.7669241 2026 01 14 06 51 28.15
0  -6635.97493  -3095.89981   2840.38284   0.1533981  -4.7622426  -4.8145673 2026 01 14 06 51 48.15
0  -6631.96040  -3190.63874   2743.62847   0.2480711  -4.7114238  -4.8606222 2026 01 14 06 52 08.15
0  -6626.05167  -3284.34861   2645.96902   0.3428127  -4.6593405  -4.9050735 2026 01 14 06 52 28.15
0  -6618.24765  -3377.00433   2547.43669   0.4375951  -4.6060101  -4.9479064 2026 01 14 06 52 48.15
0  -6608.54781  -3468.58111   2448.06401   0.5323908  -4.5514503  -4.9891066 2026 01 14 06 53 08.15
0  -6596.95215  -3559.05455   2347.88377   0.6271721  -4.4956790  -5.0286606 2026 01 14 06 53 28.15
0  -6583.46123  -3648.40060   2246.92901   0.7219112  -4.4387147  -5.0665553 2026 01 14 06 53 48.15
0  -6568.07619  -3736.59559   2145.23305   0.8165802  -4.3805759  -5.1027780 2026 01 14 06 54 08.15
0  -6550.79869  -3823.61622   2042.82946   0.9111515  -4.3212817  -5.1373169 2026 01 14 06 54 28.15
0  -6531.63098  -3909.43958   1939.75203   1.0055970  -4.2608514  -5.1701604 2026 01 14 06 54 48.15
0  -6510.57584  -3994.04312   1836.03476   1.0998890  -4.1993045  -5.2012978 2026 01 14 06 55 08.15
0  -6487.63663  -4077.40473   1731.71189   1.1939996  -4.1366609  -5.2307188 2026 01 14 06 55 28.15
0  -6462.81725  -4159.50266   1626.81785   1.2879009  -4.0729407  -5.2584137 2026 01 14 06 55 48.15
0  -6436.12217  -4240.31559   1521.38725   1.3815650  -4.0081645  -5.2843734 2026 01 14 06 56 08.15
0  -6407.55641  -4319.82261   1415.45487   1.4749642  -3.9423530  -5.3085893 2026 01 14 06 56 28.15
0  -6377.12555  -4398.00322   1309.05568   1.5680705  -3.8755271  -5.3310537 2026 01 14 06 56 48.15
0  -6344.83572  -4474.83734   1202.22477   1.6608564  -3.8077080  -5.3517590 2026 01 14 06 57 08.15
0  -6310.69360  -4550.30533   1094.99740   1.7532940  -3.7389174  -5.3706987 2026 01 14 06 57 28.15
0  -6274.70645  -4624.38796    987.40895   1.8453556  -3.6691769  -5.3878665 2026 01 14 06 57 48.15
0  -6236.88205  -4697.06647    879.49491   1.9370138  -3.5985085  -5.4032569 2026 01 14 06 58 08.15
0  -6197.22875  -4768.32251    771.29087   2.0282410  -3.5269345  -5.4168649 2026 01 14 06 58 28.15
0  -6155.75545  -4838.13820    662.83253   2.1190099  -3.4544772  -5.4286863 2026 01 14 06 58 48.15
0  -6112.47158  -4906.49609    554.15566   2.2092929  -3.3811593  -5.4387173 2026 01 14 06 59 08.15
0  -6067.38714  -4973.37921    445.29610   2.2990630  -3.3070036  -5.4469548 2026 01 14 06 59 28.15
0  -6020.51264  -5038.77102    336.28974   2.3882931  -3.2320333  -5.4533963 2026 01 14 06 59 48.15
0  -5971.85918  -5102.65547    227.17253   2.4769561  -3.1562715  -5.4580397 2026 01 14 07 00 08.15
0  -5921.43834  -5165.01697    117.98044   2.5650252  -3.0797417  -5.4608839 2026 01 14 07 00 28.15
0  -5869.26229  -5225.84037      8.74947   2.6524737  -3.0024675  -5.4619282 2026 01 14 07 00 48.15
0  -5815.34370  -5285.11105   -100.48439   2.7392750  -2.9244725  -5.4611724 2026 01 14 07 01 08.15
0  -5759.69578  -5342.81481   -209.68514   2.8254028  -2.8457809  -5.4586170 2026 01 14 07 01 28.15
0  -5702.33226  -5398.93797   -318.81680   2.9108306  -2.7664166  -5.4542632 2026 01 14 07 01 48.15
0  -5643.26739  -5453.46731   -427.84341   2.9955326  -2.6864038  -5.4481128 2026 01 14 07 02 08.15
0  -5582.51597  -5506.39012   -536.72906   3.0794828  -2.6057669  -5.4401680 2026 01 14 07 02 28.15
0  -5520.09328  -5557.69414   -645.43790   3.1626555  -2.5245304  -5.4304317 2026 01 14 07 02 48.15
0  -5456.01512  -5607.36764   -753.93413   3.2450253  -2.4427188  -5.4189076 2026 01 14 07 03 08.15
0  -5390.29781  -5655.39935   -862.18203   3.3265667  -2.3603569  -5.4055997 2026 01 14 07 03 28.15
0  -5322.95817  -5701.77853   -970.14598   3.4072549  -2.2774694  -5.3905129 2026 01 14 07 03 48.15
0  -5254.01351  -5746.49491  -1077.79045   3.4870648  -2.1940813  -5.3736523 2026 01 14 07 04 08.15
0  -5183.48164  -5789.53872  -1185.08002   3.5659720  -2.1102175  -5.3550241 2026 01 14 07 04 28.15
0  -5111.38086  -5830.90070  -1291.97940   3.6439521  -2.0259031  -5.3346346 2026 01 14 07 04 48.15
0  -5037.72996  -5870.57210  -1398.45344   3.7209808  -1.9411632  -5.3124910 2026 01 14 07 05 08.15
0  -4962.54820  -5908.54465  -1504.46714   3.7970344  -1.8560230  -5.2886009 2026 01 14 07 05 28.15
0  -4885.85532  -5944.81060  -1609.98563   3.8720893  -1.7705077  -5.2629728 2026 01 14 07 05 48.15
0  -4807.67153  -5979.36270  -1714.97426   3.9461221  -1.6846426  -5.2356153 2026 01 14 07 06 08.15
0  -4728.01750  -6012.19421  -1819.39853   4.0191098  -1.5984530  -5.2065380 2026 01 14 07 06 28.15
0  -4646.91437  -6043.29889  -1923.22413   4.0910297  -1.5119642  -5.1757508 2026 01 14 07 06 48.15
0  -4564.38370  -6072.67101  -2026.41698   4.1618592  -1.4252017  -5.1432643 2026 01 14 07 07 08.15
0  -4480.44754  -6100.30535  -2128.94321   4.2315762  -1.3381907  -5.1090897 2026 01 14 07 07 28.15
0  -4395.12836  -6126.19719  -2230.76915   4.3001588  -1.2509566  -5.0732385 2026 01 14 07 07 48.15
0  -4308.44905  -6150.34234  -2331.86142   4.3675856  -1.1635248  -5.0357232 2026 01 14 07 08 08.15
0  -4220.43294  -6172.73707  -2432.18684   4.4338352  -1.0759207  -4.9965564 2026 01 14 07 08 28.15
0  -4131.10379  -6193.37822  -2531.71252   4.4988869  -0.9881696  -4.9557514 2026 01 14 07 08 48.15
0  -4040.48577  -6212.26308  -2630.40585   4.5627200  -0.9002968  -4.9133223 2026 01 14 07 09 08.15
0  -3948.60345  -6229.38947  -2728.23446   4.6253143  -0.8123275  -4.8692833 2026 01 14 07 09 28.15
0  -3855.48179  -6244.75573  -2825.16633   4.6866501  -0.7242870  -4.8236493 2026 01 14 07 09 48.15
0  -3761.14618  -6258.36067  -2921.16970   4.7467077  -0.6362005  -4.7764359 2026 01 14 07 10 08.15
0  -3665.62236  -6270.20363  -3016.21314   4.8054680  -0.5480930  -4.7276590 2026 01 14 07 10 28.15
0  -3568.93647  -6280.28443  -3110.26555   4.8629123  -0.4599896  -4.6773351 2026 01 14 07 10 48.15
0  -3471.11501  -6288.60342  -3203.29615   4.9190221  -0.3719152  -4.6254812 2026 01 14 07 11 08.15
0  -3372.18486  -6295.16142  -3295.27453   4.9737795  -0.2838948  -4.5721146 2026 01 14 07 11 28.15
0  -3272.17323  -6299.95976  -3386.17060   5.0271667  -0.1959532  -4.5172535 2026 01 14 07 11 48.15
0  -3171.10771  -6303.00026  -3475.95465   5.0791666  -0.1081150  -4.4609161 2026 01 14 07 12 08.15
0  -3069.01622  -6304.28523  -3564.59736   5.1297622  -0.0204049  -4.4031216 2026 01 14 07 12 28.15
0  -2965.92699  -6303.81749  -3652.06977   5.1789371   0.0671527  -4.3438891 2026 01 14 07 12 48.15
0  -2861.86862  -6301.60032  -3738.34331   5.2266752   0.1545334  -4.2832387 2026 01 14 07 13 08.15
0  -2756.86999  -6297.63751  -3823.38985   5.2729609   0.2417129  -4.2211905 2026 01 14 07 13 28.15
0  -2650.96029  -6291.93333  -3907.18161   5.3177790   0.3286672  -4.1577654 2026 01 14 07 13 48.15
0  -2544.16904  -6284.49251  -3989.69129   5.3611146   0.4153722  -4.0929846 2026 01 14 07 14 08.15
0  -2436.52603  -6275.32029  -4070.89197   5.4029533   0.5018042  -4.0268696 2026 01 14 07 14 28.15
0  -2328.06133  -6264.42235  -4150.75720   5.4432813   0.5879394  -3.9594425 2026 01 14 07 14 48.15
0  -2218.80530  -6251.80488  -4229.26096   5.4820848   0.6737543  -3.8907257 2026 01 14 07 15 08.15
0  -2108.78855  -6237.47451  -4306.37768   5.5193509   0.7592256  -3.8207422 2026 01 14 07 15 28.15
0  -1998.04196  -6221.43834  -4382.08226   5.5550669   0.8443300  -3.7495152 2026 01 14 07 15 48.15
0  -1886.59666  -6203.70395  -4456.35006   5.5892206   0.9290446  -3.6770683 2026 01 14 07 16 08.15
0  -1774.48402  -6184.27936  -4529.15693   5.6218001   1.0133464  -3.6034256 2026 01 14 07 16 28.15
0  -1661.73562  -6163.17305  -4600.47919   5.6527942   1.0972130  -3.5286116 2026 01 14 07 16 48.15
0  -1548.38328  -6140.39394  -4670.29367   5.6821919   1.1806217  -3.4526509 2026 01 14 07 17 08.15
0  -1434.45905  -6115.95144  -4738.57769   5.7099830   1.2635504  -3.3755687 2026 01 14 07 17 28.15
0  -1319.99514  -6089.85534  -4805.30906   5.7361573   1.3459770  -3.2973906 2026 01 14 07 17 48.15
0  -1205.02400  -6062.11592  -4870.46612   5.7607055   1.4278796  -3.2181423 2026 01 14 07 18 08.15
0  -1089.57823  -6032.74386  -4934.02774   5.7836185   1.5092367  -3.1378500 2026 01 14 07 18 28.15
0   -973.69063  -6001.75030  -4995.97329   5.8048877   1.5900268  -3.0565402 2026 01 14 07 18 48.15
0   -857.39415  -5969.14680  -5056.28271   5.8245050   1.6702287  -2.9742396 2026 01 14 07 19 08.15
0   -740.72190  -5934.94531  -5114.93643   5.8424629   1.7498214  -2.8909754 2026 01 14 07 19 28.15
0   -623.70716  -5899.15823  -5171.91546   5.8587541   1.8287843  -2.8067750 2026 01 14 07 19 48.15
0   -506.38331  -5861.79836  -5227.20135   5.8733720   1.9070969  -2.7216660 2026 01 14 07 20 08.15
0   -388.78389  -5822.87892  -5280.77621   5.8863105   1.9847390  -2.6356764 2026 01 14 07 20 28.15
0   -270.94254  -5782.41351  -5332.62271   5.8975637   2.0616904  -2.5488344 2026 01 14 07 20 48.15
0   -152.89303  -5740.41615  -5382.72409   5.9071264   2.1379316  -2.4611685 2026 01 14 07 21 08.15
0    -34.66920  -5696.90123  -5431.06415   5.9149940   2.2134431  -2.3727074 2026 01 14 07 21 28.15
0     83.69499  -5651.88354  -5477.62728   5.9211621   2.2882056  -2.2834801 2026 01 14 07 21 48.15
0    202.16552  -5605.37825  -5522.39845   5.9256270   2.3622001  -2.1935157 2026 01 14 07 22 08.15
0    320.70828  -5557.40091  -5565.36320   5.9283854   2.4354080  -2.1028438 2026 01 14 07 22 28.15
0    439.28913  -5507.96743  -5606.50770   5.9294344   2.5078110  -2.0114939 2026 01 14 07 22 48.15
0    557.87384  -5457.09410  -5645.81866   5.9287718   2.5793908  -1.9194959 2026 01 14 07 23 08.15
0    676.42818  -5404.79755  -5683.28343   5.9263957   2.6501296  -1.8268798 2026 01 14 07 23 28.15
0    794.91784  -5351.09478  -5718.88996   5.9223048   2.7200098  -1.7336758 2026 01 14 07 23 48.15
0    913.30854  -5296.00314  -5752.62677   5.9164983   2.7890143  -1.6399143 2026 01 14 07 24 08.15
0   1031.56594  -5239.54032  -5784.48304   5.9089758   2.8571259  -1.5456258 2026 01 14 07 24 28.15
0   1149.65574  -5181.72433  -5814.44852   5.8997375   2.9243281  -1.4508410 2026 01 14 07 24 48.15
0   1267.54362  -5122.57353  -5842.51361   5.8887839   2.9906043  -1.3555908 2026 01 14 07 25 08.15
0   1385.19529  -5062.10660  -5868.66929   5.8761163   3.0559386  -1.2599062 2026 01 14 07 25 28.15
0   1502.57648  -5000.34254  -5892.90720   5.8617362   3.1203151  -1.1638182 2026 01 14 07 25 48.15
0   1619.65297  -4937.30066  -5915.21957   5.8456457   3.1837184  -1.0673581 2026 01 14 07 26 08.15
0   1736.39056  -4873.00057  -5935.59928   5.8278475   3.2461333  -0.9705573 2026 01 14 07 26 28.15
0   1852.75514  -4807.46220  -5954.03982   5.8083446   3.3075449  -0.8734470 2026 01 14 07 26 48.15
0   1968.71265  -4740.70575  -5970.53533   5.7871407   3.3679387  -0.7760589 2026 01 14 07 27 08.15
0   2084.22910  -4672.75172  -5985.08057   5.7642397   3.4273004  -0.6784246 2026 01 14 07 27 28.15
0   2199.27061  -4603.62090  -5997.67091   5.7396464   3.4856162  -0.5805756 2026 01 14 07 27 48.15
0   2313.80336  -4533.33433  -6008.30239   5.7133657   3.5428725  -0.4825437 2026 01 14 07 28 08.15
0   2427.79368  -4461.91335  -6016.97167   5.6854031   3.5990560  -0.3843607 2026 01 14 07 28 28.15
0   2541.20799  -4389.37953  -6023.67604   5.6557648   3.6541538  -0.2860584 2026 01 14 07 28 48.15
0   2654.01282  -4315.75472  -6028.41343   5.6244572   3.7081533  -0.1876686 2026 01 14 07 29 08.15
0   2766.17487  -4241.06101  -6031.18242   5.5914874   3.7610421  -0.0892232 2026 01 14 07 29 28.15
0   2877.66097  -4165.32073  -6031.98221   5.5568627   3.8128084   0.0092461 2026 01 14 07 29 48.15
0   2988.43809  -4088.55645  -6030.81263   5.5205913   3.8634406   0.1077073 2026 01 14 07 30 08.15
0   3098.47339  -4010.79096  -6027.67418   5.4826816   3.9129273   0.2061285 2026 01 14 07 30 28.15
0   3207.73419  -3932.04728  -6022.56796   5.4431424   3.9612577   0.3044780 2026 01 14 07 30 48.15
0   3316.18799  -3852.34865  -6015.49573   5.4019833   4.0084212   0.4027239 2026 01 14 07 31 08.15
0   3423.80249  -3771.71851  -6006.45988   5.3592140   4.0544074   0.5008344 2026 01 14 07 31 28.15
0   3530.54560  -3690.18051  -5995.46344   5.3148450   4.0992065   0.5987780 2026 01 14 07 31 48.15
0   3636.38542  -3607.75847  -5982.51006   5.2688870   4.1428089   0.6965227 2026 01 14 07 32 08.15
0   3741.29028  -3524.47643  -5967.60403   5.2213515   4.1852054   0.7940372 2026 01 14 07 32 28.15
0   3845.22876  -3440.35860  -5950.75027   5.1722501   4.2263870   0.8912898 2026 01 14 07 32 48.15
0   3948.16966  -3355.42935  -5931.95434   5.1215950   4.2663454   0.9882492 2026 01 14 07 33 08.15
0   4050.08202  -3269.71324  -5911.22241   5.0693991   4.3050722   1.0848839 2026 01 14 07 33 28.15
0   4150.93517  -3183.23498  -5888.56129   5.0156754   4.3425597   1.1811628 2026 01 14 07 33 48.15
0   4250.69868  -3096.01943  -5863.97840   4.9604376   4.3788003   1.2770547 2026 01 14 07 34 08.15
0   4349.34242  -3008.09160  -5837.48181   4.9036996   4.4137869   1.3725287 2026 01 14 07 34 28.15
0   4446.83651  -2919.47663  -5809.08017   4.8454762   4.4475128   1.4675537 2026 01 14 07 34 48.15
0   4543.15141  -2830.19981  -5778.78276   4.7857821   4.4799714   1.5620993 2026 01 14 07 35 08.15
0   4638.25785  -2740.28655  -5746.59950   4.7246328   4.5111568   1.6561346 2026 01 14 07 35 28.15
0   4732.12689  -2649.76236  -5712.54088   4.6620442   4.5410631   1.7496294 2026 01 14 07 35 48.15
0   4824.72989  -2558.65288  -5676.61801   4.5980326   4.5696850   1.8425534 2026 01 14 07 36 08.15
0   4916.03858  -2466.98385  -5638.84263   4.5326147   4.5970175   1.9348765 2026 01 14 07 36 28.15
0   5006.02498  -2374.78111  -5599.22703   4.4658076   4.6230559   2.0265689 2026 01 14 07 36 48.15
0   5094.66151  -2282.07059  -5557.78415   4.3976289   4.6477960   2.1176008 2026 01 14 07 37 08.15
0   5181.92089  -2188.87828  -5514.52747   4.3280967   4.6712336   2.2079428 2026 01 14 07 37 28.15
0   5267.77625  -2095.23027  -5469.47109   4.2572294   4.6933653   2.2975656 2026 01 14 07 37 48.15
0   5352.20106  -2001.15273  -5422.62968   4.1850457   4.7141877   2.3864403 2026 01 14 07 38 08.15
0   5435.16921  -1906.67185  -5374.01850   4.1115650   4.7336980   2.4745379 2026 01 14 07 38 28.15
0   5516.65493  -1811.81392  -5323.65338   4.0368070   4.7518936   2.5618299 2026 01 14 07 38 48.15
0   5596.63289  -1716.60524  -5271.55070   3.9607916   4.7687724   2.6482880 2026 01 14 07 39 08.15
0   5675.07813  -1621.07217  -5217.72743   3.8835393   4.7843325   2.7338842 2026 01 14 07 39 28.15
0   5751.96614  -1525.24111  -5162.20109   3.8050710   4.7985724   2.8185907 2026 01 14 07 39 48.15
0   5827.27280  -1429.13846  -5104.98975   3.7254079   4.8114910   2.9023799 2026 01 14 07 40 08.15
0   5900.97443  -1332.79067  -5046.11201   3.6445717   4.8230874   2.9852247 2026 01 14 07 40 28.15
0   5973.04779  -1236.22418  -4985.58705   3.5625843   4.8333614   3.0670982 2026 01 14 07 40 48.15
0   6043.47007  -1139.46543  -4923.43455   3.4794681   4.8423128   3.1479736 2026 01 14 07 41 08.15
0   6112.21894  -1042.54089  -4859.67474   3.3952459   4.8499418   3.2278247 2026 01 14 07 41 28.15
0   6179.27249   -945.47698  -4794.32837   3.3099406   4.8562492   3.3066256 2026 01 14 07 41 48.15
0   6244.60930   -848.30015  -4727.41670   3.2235759   4.8612358   3.3843505 2026 01 14 07 42 08.15
0   6308.20843   -751.03678  -4658.96150   3.1361754   4.8649031   3.4609741 2026 01 14 07 42 28.15
0   6370.04939   -653.71325  -4588.98505   3.0477634   4.8672526   3.5364714 2026 01 14 07 42 48.15
0   6430.11220   -556.35589  -4517.51012   2.9583643   4.8682863   3.6108179 2026 01 14 07 43 08.15
0   6488.37736   -458.99100  -4444.55998   2.8680028   4.8680068   3.6839892 2026 01 14 07 43 28.15
0   6544.82588   -361.64482  -4370.15835   2.7767043   4.8664165   3.7559615 2026 01 14 07 43 48.15
0   6599.43928   -264.34352  -4294.32947   2.6844940   4.8635186   3.8267112 2026 01 14 07 44 08.15
0   6652.19957   -167.11324  -4217.09802   2.5913979   4.8593165   3.8962152 2026 01 14 07 44 28.15
0   6703.08929    -69.98001  -4138.48913   2.4974418   4.8538139   3.9644507 2026 01 14 07 44 48.15
0   6752.09152     27.03019  -4058.52841   2.4026523   4.8470149   4.0313955 2026 01 14 07 45 08.15
0   6799.18984    123.89148  -3977.24188   2.3070560   4.8389237   4.0970275 2026 01 14 07 45 28.15
0   6844.36840    220.57806  -3894.65602   2.2106798   4.8295453   4.1613253 2026 01 14 07 45 48.15
0   6887.61187    317.06424  -3810.79772   2.1135509   4.8188846   4.2242677 2026 01 14 07 46 08.15
0   6928.90546    413.32442  -3725.69431   2.0156969   4.8069470   4.2858342 2026 01 14 07 46 28.15
0   6968.23495    509.33313  -3639.37349   1.9171455   4.7937382   4.3460043 2026 01 14 07 46 48.15
0   7005.58668    605.06500  -3551.86341   1.8179247   4.7792644   4.4047585 2026 01 14 07 47 08.15
0   7040.94753    700.49479  -3463.19256   1.7180628   4.7635318   4.4620772 2026 01 14 07 47 28.15
0   7074.30498    795.59740  -3373.38985   1.6175882   4.7465471   4.5179418 2026 01 14 07 47 48.15
0   7105.64705    890.34785  -3282.48455   1.5165298   4.7283175   4.5723336 2026 01 14 07 48 08.15
0   7134.96236    984.72132  -3190.50629   1.4149163   4.7088501   4.6252348 2026 01 14 07 48 28.15
0   7162.24009   1078.69312  -3097.48507   1.3127771   4.6881527   4.6766279 2026 01 14 07 48 48.15
0   7187.47003   1172.23874  -3003.45121   1.2101415   4.6662331   4.7264959 2026 01 14 07 49 08.15
0   7210.64254   1265.33382  -2908.43538   1.1070390   4.6430998   4.7748223 2026 01 14 07 49 28.15
0   7231.74858   1357.95416  -2812.46857   1.0034994   4.6187612   4.8215911 2026 01 14 07 49 48.15
0   7250.77972   1450.07576  -2715.58210   0.8995527   4.5932262   4.8667868 2026 01 14 07 50 08.15
0   7267.72810   1541.67476  -2617.80757   0.7952289   4.5665039   4.9103944 2026 01 14 07 50 28.15
0   7282.58649   1632.72753  -2519.17689   0.6905585   4.5386040   4.9523994 2026 01 14 07 50 48.15
0   7295.34826   1723.21060  -2419.72226   0.5855717   4.5095361   4.9927879 2026 01 14 07 51 08.15
0   7306.00739   1813.10072  -2319.47615   0.4802991   4.4793103   5.0315463 2026 01 14 07 51 28.15
0   7314.55847   1902.37484  -2218.47128   0.3747716   4.4479370   5.0686617 2026 01 14 07 51 48.15
0   7320.99672   1991.01010  -2116.74063   0.2690199   4.4154267   5.1041218 2026 01 14 07 52 08.15
0   7325.31794   2078.98388  -2014.31744   0.1630750   4.3817905   5.1379146 2026 01 14 07 52 28.15
0   7327.51860   2166.27377  -1911.23516   0.0569680   4.3470395   5.1700290 2026 01 14 07 52 48.15
0   7327.59577   2252.85759  -1807.52747  -0.0492699   4.3111852   5.2004540 2026 01 14 07 53 08.15
0   7325.54712   2338.71339  -1703.22827  -0.1556075   4.2742393   5.2291795 2026 01 14 07 53 28.15
0   7321.37100   2423.81946  -1598.37163  -0.2620135   4.2362138   5.2561958 2026 01 14 07 53 48.15
0   7315.06633   2508.15433  -1492.99184  -0.3684563   4.1971211   5.2814938 2026 01 14 07 54 08.15
0   7306.63270   2591.69678  -1387.12334  -0.4749046   4.1569736   5.3050649 2026 01 14 07 54 28.15
0   7296.07032   2674.42584  -1280.80077  -0.5813268   4.1157842   5.3269011 2026 01 14 07 54 48.15
0   7283.38003   2756.32081  -1174.05888  -0.6876913   4.0735659   5.3469951 2026 01 14 07 55 08.15
0   7268.56329   2837.36123  -1066.93259  -0.7939664   4.0303319   5.3653398 2026 01 14 07 55 28.15
0   7251.62220   2917.52694   -959.45696  -0.9001207   3.9860959   5.3819292 2026 01 14 07 55 48.15
0   7232.55950   2996.79803   -851.66714  -1.0061224   3.9408716   5.3967573 2026 01 14 07 56 08.15
0   7211.37856   3075.15486   -743.59842  -1.1119398   3.8946730   5.4098192 2026 01 14 07 56 28.15
0   7188.08339   3152.57811   -635.28616  -1.2175414   3.8475143   5.4211103 2026 01 14 07 56 48.15
0   7162.67860   3229.04870   -526.76583  -1.3228954   3.7994101   5.4306265 2026 01 14 07 57 08.15
0   7135.16947   3304.54789   -418.07295  -1.4279704   3.7503750   5.4383645 2026 01 14 07 57 28.15
0   7105.56191   3379.05719   -309.24312  -1.5327347   3.7004239   5.4443215 2026 01 14 07 57 48.15
0   7073.86242   3452.55844   -200.31197  -1.6371568   3.6495720   5.4484953 2026 01 14 07 58 08.15
0   7040.07818   3525.03377    -91.31520  -1.7412053   3.5978346   5.4508841 2026 01 14 07 58 28.15
0   7004.21697   3596.46564     17.71148  -1.8448487   3.5452271   5.4514871 2026 01 14 07 58 48.15
0   6966.28720   3666.83679    126.73237  -1.9480558   3.4917655   5.4503037 2026 01 14 07 59 08.15
0   6926.29791   3736.13031    235.71172  -2.0507953   3.4374654   5.4473341 2026 01 14 07 59 28.15
0   6884.25877   3804.32958    344.61382  -2.1530361   3.3823432   5.4425790 2026 01 14 07 59 48.15
0   6840.18007   3871.41832    453.40298  -2.2547471   3.3264151   5.4360396 2026 01 14 08 00 08.15
0   6794.07269   3937.38059    562.04352  -2.3558975   3.2696975   5.4277179 2026 01 14 08 00 28.15
0   6745.94817   4002.20075    670.49982  -2.4564564   3.2122071   5.4176165 2026 01 14 08 00 48.15
0   6695.81864   4065.86352    778.73632  -2.5563933   3.1539608   5.4057382 2026 01 14 08 01 08.15
0   6643.69685   4128.35395    886.71752  -2.6556776   3.0949755   5.3920869 2026 01 14 08 01 28.15
0   6589.59615   4189.65744    994.40799  -2.7542790   3.0352684   5.3766668 2026 01 14 08 01 48.15
0   6533.53051   4249.75971   1101.77241  -2.8521673   2.9748567   5.3594827 2026 01 14 08 02 08.15
0   6475.51448   4308.64685   1208.77556  -2.9493124   2.9137580   5.3405401 2026 01 14 08 02 28.15
0   6415.56322   4366.30530   1315.38232  -3.0456847   2.8519897   5.3198448 2026 01 14 08 02 48.15
0   6353.69249   4422.72184   1421.55769  -3.1412544   2.7895697   5.2974036 2026 01 14 08 03 08.15
0   6289.91864   4477.88362   1527.26685  -3.2359922   2.7265157   5.2732236 2026 01 14 08 03 28.15
0   6224.25859   4531.77813   1632.47508  -3.3298689   2.6628458   5.2473125 2026 01 14 08 03 48.15
0   6156.72987   4584.39323   1737.14784  -3.4228554   2.5985781   5.2196786 2026 01 14 08 04 08.15
0   6087.35055   4635.71717   1841.25078  -3.5149231   2.5337308   5.1903309 2026 01 14 08 04 28.15
0   6016.13930   4685.73851   1944.74969  -3.6060435   2.4683222   5.1592787 2026 01 14 08 04 48.15
0   5943.11535   4734.44623   2047.61060  -3.6961882   2.4023707   5.1265321 2026 01 14 08 05 08.15
0   5868.29849   4781.82964   2149.79972  -3.7853294   2.3358949   5.0921017 2026 01 14 08 05 28.15
0   5791.70907   4827.87846   2251.28349  -3.8734394   2.2689135   5.0559985 2026 01 14 08 05 48.15
0   5713.36799   4872.58275   2352.02856  -3.9604906   2.2014451   5.0182344 2026 01 14 08 06 08.15
0   5633.29670   4915.93296   2452.00184  -4.0464559   2.1335085   4.9788215 2026 01 14 08 06 28.15
0   5551.51719   4957.91993   2551.17048  -4.1313086   2.0651227   4.9377726 2026 01 14 08 06 48.15
0   5468.05196   4998.53484   2649.50189  -4.2150221   1.9963066   4.8951010 2026 01 14 08 07 08.15
0   5382.92408   5037.76929   2746.96375  -4.2975701   1.9270792   4.8508207 2026 01 14 08 07 28.15
0   5296.15710   5075.61523   2843.52404  -4.3789268   1.8574595   4.8049459 2026 01 14 08 07 48.15
0   5207.77511   5112.06503   2939.15101  -4.4590666   1.7874668   4.7574917 2026 01 14 08 08 08.15
0   5117.80271   5147.11140   3033.81323  -4.5379642   1.7171201   4.7084735 2026 01 14 08 08 28.15
0   5026.26498   5180.74746   3127.47958  -4.6155949   1.6464389   4.6579073 2026 01 14 08 08 48.15
0   4933.18751   5212.96672   3220.11925  -4.6919340   1.5754422   4.6058094 2026 01 14 08 09 08.15
0   4838.59637   5243.76304   3311.70179  -4.7669575   1.5041494   4.5521970 2026 01 14 08 09 28.15
0   4742.51811   5273.13072   3402.19708  -4.8406415   1.4325799   4.4970876 2026 01 14 08 09 48.15
0   4644.97977   5301.06440   3491.57536  -4.9129627   1.3607530   4.4404990 2026 01 14 08 10 08.15
0   4546.00881   5327.55913   3579.80723  -4.9838981   1.2886881   4.3824498 2026 01 14 08 10 28.15
0   4445.63320   5352.61035   3666.86366  -5.0534250   1.2164045   4.3229590 2026 01 14 08 10 48.15
0   4343.88132   5376.21387   3752.71602  -5.1215212   1.1439218   4.2620459 2026 01 14 08 11 08.15
0   4240.78200   5398.36591   3837.33605  -5.1881649   1.0712591   4.1997304 2026 01 14 08 11 28.15
0   4136.36451   5419.06305   3920.69592  -5.2533348   0.9984361   4.1360331 2026 01 14 08 11 48.15
0   4030.65853   5438.30230   4002.76819  -5.3170099   0.9254720   4.0709745 2026 01 14 08 12 08.15
0   3923.69417   5456.08102   4083.52586  -5.3791697   0.8523862   4.0045761 2026 01 14 08 12 28.15
0   3815.50194   5472.39697   4162.94233  -5.4397941   0.7791981   3.9368596 2026 01 14 08 12 48.15
0   3706.11274   5487.24829   4240.99148  -5.4988634   0.7059270   3.8678471 2026 01 14 08 13 08.15
0   3595.55786   5500.63352   4317.64759  -5.5563584   0.6325922   3.7975611 2026 01 14 08 13 28.15
0   3483.86898   5512.55159   4392.88545  -5.6122604   0.5592129   3.7260247 2026 01 14 08 13 48.15
0   3371.07815   5523.00178   4466.68026  -5.6665512   0.4858085   3.6532613 2026 01 14 08 14 08.15
0   3257.21776   5531.98380   4539.00773  -5.7192130   0.4123980   3.5792947 2026 01 14 08 14 28.15
0   3142.32057   5539.49770   4609.84403  -5.7702283   0.3390006   3.5041491 2026 01 14 08 14 48.15
0   3026.41969   5545.54395   4679.16584  -5.8195804   0.2656354   3.4278492 2026 01 14 08 15 08.15
0   2909.54853   5550.12338   4746.95030  -5.8672530   0.1923215   3.3504198 2026 01 14 08 15 28.15
0   2791.74085   5553.23720   4813.17510  -5.9132301   0.1190777   3.2718863 2026 01 14 08 15 48.15
0   2673.03072   5554.88701   4877.81839  -5.9574963   0.0459230   3.1922746 2026 01 14 08 16 08.15
0   2553.45250   5555.07477   4940.85888  -6.0000369  -0.0271239   3.1116106 2026 01 14 08 16 28.15
0   2433.04084   5553.80283   5002.27579  -6.0408374  -0.1000441   3.0299207 2026 01 14 08 16 48.15
0   2311.83070   5551.07390   5062.04886  -6.0798840  -0.1728190   2.9472317 2026 01 14 08 17 08.15
0   2189.85727   5546.89109   5120.15839  -6.1171633  -0.2454301   2.8635707 2026 01 14 08 17 28.15
0   2067.15605   5541.25785   5176.58520  -6.1526626  -0.3178589   2.7789652 2026 01 14 08 17 48.15
0   1943.76274   5534.17802   5231.31068  -6.1863696  -0.3900870   2.6934428 2026 01 14 08 18 08.15
0   1819.71332   5525.65578   5284.31678  -6.2182724  -0.4620960   2.6070315 2026 01 14 08 18 28.15
0   1695.04398   5515.69571   5335.58600  -6.2483600  -0.5338679   2.5197596 2026 01 14 08 18 48.15
0   1569.79114   5504.30272   5385.10141  -6.2766215  -0.6053845   2.4316558 2026 01 14 08 19 08.15
0   1443.99142   5491.48211   5432.84667  -6.3030469  -0.6766280   2.3427490 2026 01 14 08 19 28.15
0   1317.68164   5477.23950   5478.80601  -6.3276264  -0.7475803   2.2530681 2026 01 14 08 19 48.15
0   1190.89880   5461.58092   5522.96423  -6.3503512  -0.8182239   2.1626428 2026 01 14 08 20 08.15
0   1063.68009   5444.51269   5565.30675  -6.3712127  -0.8885411   2.0715025 2026 01 14 08 20 28.15
0    936.06286   5426.04154   5605.81957  -6.3902028  -0.9585145   1.9796772 2026 01 14 08 20 48.15
0    808.08460   5406.17450   5644.48928  -6.4073143  -1.0281267   1.8871970 2026 01 14 08 21 08.15
0    679.78296   5384.91898   5681.30309  -6.4225403  -1.0973605   1.7940922 2026 01 14 08 21 28.15
0    551.19572   5362.28271   5716.24881  -6.4358745  -1.1661989   1.7003932 2026 01 14 08 21 48.15
0    422.36076   5338.27377   5749.31487  -6.4473111  -1.2346249   1.6061309 2026 01 14 08 22 08.15
0    293.31609   5312.90057   5780.49032  -6.4568452  -1.3026218   1.5113362 2026 01 14 08 22 28.15
0    164.09981   5286.17187   5809.76480  -6.4644720  -1.3701730   1.4160401 2026 01 14 08 22 48.15
0     34.75011   5258.09674   5837.12862  -6.4701876  -1.4372620   1.3202738 2026 01 14 08 23 08.15
0    -94.69477   5228.68460   5862.57267  -6.4739886  -1.5038725   1.2240689 2026 01 14 08 23 28.15
0   -224.19648   5197.94516   5886.08851  -6.4758720  -1.5699883   1.1274569 2026 01 14 08 23 48.15
0   -353.71667   5165.88850   5907.66830  -6.4758357  -1.6355935   1.0304694 2026 01 14 08 24 08.15
0   -483.21692   5132.52496   5927.30486  -6.4738779  -1.7006724   0.9331384 2026 01 14 08 24 28.15
0   -612.65878   5097.86525   5944.99164  -6.4699974  -1.7652091   0.8354956 2026 01 14 08 24 48.15
0   -742.00380   5061.92036   5960.72271  -6.4641938  -1.8291884   0.7375733 2026 01 14 08 25 08.15
0   -871.21351   5024.70158   5974.49282  -6.4564670  -1.8925949   0.6394035 2026 01 14 08 25 28.15
0  -1000.24946   4986.22053   5986.29733  -6.4468178  -1.9554135   0.5410185 2026 01 14 08 25 48.15
0  -1129.07320   4946.48912   5996.13226  -6.4352471  -2.0176293   0.4424505 2026 01 14 08 26 08.15
