# abs offset [arcsec]
8.156851114254396862e+01
8.368155474252326087e+01
8.416134385687011843e+01
8.360467947853631188e+01
8.418814812339228126e+01
8.395568028278368899e+01
8.438898172016965304e+01
8.435965680949315981e+01
8.495822833436591281e+01
8.542458649021469341e+01
8.498761934333477086e+01
8.525428101409946180e+01
8.536369973818088397e+01
8.595800382539550810e+01
8.654485298755294309e+01
8.611738890510368094e+01
8.638040763310669945e+01
8.622297435764275519e+01
8.656361805738777093e+01
8.604450325869008509e+01
8.621840540468366498e+01
8.635808371296928954e+01
8.656020404310194749e+01
8.737600288023357109e+01
8.742819050486050969e+01
8.728885426671311620e+01
8.785350902419042995e+01
8.799573033333439298e+01
8.822221543750964656e+01
8.845015140597844550e+01
8.867307352324220915e+01
8.897702901345135729e+01
8.937693649457244760e+01
8.995018822432452055e+01
8.977034970593730634e+01
9.031701097529042954e+01
8.936163626037182439e+01
8.966994164378579057e+01
9.012486848280813945e+01
9.062754607097642179e+01
9.015737434475146017e+01
9.094926677679188742e+01
9.084084445518080031e+01
9.130022727772828262e+01
9.170200855482937641e+01
9.194587328509673796e+01
9.188299869317111757e+01
9.220037510199382780e+01
9.197720190215984815e+01
9.255663342452514541e+01
9.255694665605841465e+01
9.265550425931697021e+01
9.251444459718612734e+01
9.344868228650059905e+01
9.293308368150269416e+01
9.380336965125977144e+01
9.434864245278241413e+01
9.442408511891385103e+01
9.476368835000326385e+01
9.470489879800720701e+01
9.441452026709907841e+01
9.540612835093345723e+01
9.606125084457789853e+01
9.622134109350558617e+01
9.622576816026202096e+01
9.675090349848552762e+01
9.666974112501196714e+01
9.668875686439611172e+01
9.695273507904542498e+01
9.771287268671630954e+01
9.746718860856286426e+01
9.809077200226811044e+01
9.782705171304820624e+01
9.737706574202957199e+01
9.858636597964095927e+01
9.857712239658027897e+01
9.883128398763081179e+01
9.939284763614055862e+01
9.966566044970583960e+01
9.946522957508818763e+01
9.937469116806387603e+01
9.945483988290150990e+01
1.003165184608700571e+02
9.917720642044473323e+01
1.000184965755685056e+02
1.007325362246855462e+02
1.012037398493422131e+02
1.004433491611664380e+02
1.009162196594882914e+02
1.013668546443999077e+02
1.012595117113392860e+02
1.015442956298871167e+02
1.023919793578952664e+02
1.021315807101372286e+02
1.028203468668781966e+02
1.022370954560746981e+02
1.027106219096964139e+02
1.034845482967400017e+02
1.032419884452138490e+02
1.038060284740756316e+02
1.040111410077420828e+02
1.041908998451785209e+02
1.051355862658878664e+02
1.043894188903680771e+02
1.047006124289239892e+02
1.045948453087787726e+02
1.048815315541770445e+02
1.057021470003556800e+02
1.052653104615316408e+02
1.056311080606008375e+02
1.051661483642337913e+02
1.058151577768674656e+02
1.061009624748730715e+02
1.065831439769040117e+02
1.061988490361438551e+02
1.062589954297636439e+02
1.069256137288987958e+02
1.071857532756013853e+02
1.069432773356579247e+02
1.072140509811673894e+02
1.077756062580844940e+02
1.072454026839450449e+02
1.079840303576457075e+02
1.074443965845212432e+02
1.078787811412411060e+02
1.087692389127696373e+02
1.080287617758254299e+02
1.083625816890169489e+02
1.086067229467604278e+02
1.090270062677733733e+02
1.102052590541941726e+02
1.098471696022913733e+02
1.095382805492970846e+02
1.097928459010509528e+02
1.095278271805083676e+02
1.105498532249389143e+02
1.103920324980594074e+02
1.108733133557182526e+02
1.103171423851103157e+02
1.103778779835441668e+02
1.106890507055838953e+02
1.108116016733718254e+02
1.111192726944547644e+02
1.116444402085005407e+02
1.120336123966247044e+02
1.133005806695454680e+02
1.131910121966867848e+02
1.130653200808585410e+02
1.137453155295337126e+02
1.137857209708589892e+02
1.130349864221316523e+02
1.133539291214685818e+02
1.134917497722953783e+02
1.141361497457182566e+02
1.136406366735950968e+02
1.133733715779193005e+02
1.137594084065163855e+02
1.138134670554863703e+02
1.131757836967835402e+02
1.145008875705962055e+02
1.151460123687367059e+02
1.149620213445814443e+02
1.155096183939855905e+02
1.156416026892225233e+02
1.154278724778526311e+02
1.165449265020339311e+02
1.150961824457856011e+02
1.157696509475900939e+02
1.154532861844759566e+02
