abs offset [arcsec]
3.423398764823429019e+01
3.457665700925490881e+01
3.535317541274266517e+01
3.537432731323965385e+01
3.542874907511167493e+01
3.503478488444788752e+01
3.559274991247816899e+01
3.590162008054021925e+01
3.592978450654797484e+01
3.573010579191277714e+01
3.598721762821582359e+01
3.609982003310074106e+01
3.668476778338775546e+01
3.653744485710416967e+01
3.622832208793415987e+01
3.677790434371470241e+01
3.593968091243075946e+01
3.554059632889824627e+01
3.653629095548976835e+01
3.704263682649089162e+01
3.704251943461241581e+01
3.683065583856325986e+01
3.665691453856157267e+01
3.681159767583540798e+01
3.746089968943501702e+01
3.753899567754967848e+01
3.811931744737415784e+01
3.812737719557252092e+01
3.865447406657733609e+01
3.808481766958894355e+01
3.853461934434680813e+01
3.898437046336535872e+01
3.836645605040273921e+01
3.887245068608984866e+01
3.857574208022291629e+01
3.939867572140251895e+01
3.970705356424591059e+01
3.986049646988882245e+01
3.986667215546012244e+01
4.061153004094641261e+01
4.027570954322745678e+01
4.062427829183911854e+01
4.039207502129854532e+01
4.106184259784443213e+01
4.121042889842753709e+01
4.140091525222632640e+01
4.093831642114654557e+01
4.073436465342592072e+01
4.191094442852804747e+01
4.207959916219321883e+01
4.275723131368512497e+01
4.311313201268215067e+01
4.344364433915333734e+01
4.371284950311385842e+01
4.395708826618103160e+01
4.376769841698546060e+01
4.424510770973893159e+01
4.401048326523743270e+01
4.426947639273579682e+01
4.393166899972616335e+01
4.449061238886043412e+01
4.577247630430058933e+01
4.539531898698154322e+01
4.581917484457621725e+01
4.647853657237472902e+01
4.643809610549951117e+01
4.675753205720173611e+01
4.678813476376637226e+01
4.751991618401783057e+01
4.720141258945548657e+01
4.706395645151482654e+01
4.731973846945746232e+01
4.776139672716823981e+01
4.791280178895434005e+01
4.859071673993991425e+01
4.928808030450090172e+01
4.947168952310548207e+01
4.969204812658315973e+01
4.965096644703558582e+01
5.004351416235035543e+01
4.975692044450970286e+01
5.068426470023229058e+01
5.056870091841721404e+01
5.043898758134878335e+01
5.065795763599749080e+01
5.136946471174528739e+01
5.096217870474234246e+01
5.233759666845675440e+01
5.209888595850778614e+01
5.223660694532841120e+01
5.303778114960494605e+01
5.323936865805774943e+01
5.326703589137660799e+01
5.383610144807114040e+01
5.390837743206056842e+01
5.407730877406210368e+01
5.408603617897695415e+01
5.441022285180758900e+01
5.501366064893279884e+01
5.588075776127416816e+01
5.566411742572458365e+01
5.602389798735092796e+01
5.637283886180414783e+01
5.603666167605504711e+01
5.600669091366190600e+01
5.648560911038960342e+01
5.637159140131961976e+01
5.718402828815917616e+01
5.717056160217793348e+01
5.777240481368631464e+01
5.741521931557234382e+01
5.767338919616170045e+01
5.894200634311349773e+01
5.897157493327288336e+01
5.960287640477144322e+01
5.989371775536498888e+01
5.962806637518450970e+01
5.947893238353785250e+01
5.938487182084046623e+01
6.009987153838336127e+01
6.058191447250466410e+01
6.055716708008377935e+01
6.104085457559175865e+01
6.127605156845654477e+01
6.151554050202381774e+01
6.233500130173511877e+01
6.241483019126378906e+01
6.248572922494955151e+01
6.258406933604644706e+01
6.304204424950584240e+01
6.310414065685101548e+01
6.356551030319209161e+01
6.372706912619299402e+01
6.373175956532618613e+01
6.458765208373770861e+01
6.502721730592222116e+01
6.403531744832250183e+01
6.496639909023723192e+01
6.561872365529096385e+01
6.556148096134914738e+01
6.590031982100781249e+01
5.164682895882768889e+02
