       0.000000000       0.000000000       2.606255721       0.352773121    31045.215254630  99  5398   AzEl         1       1       1       1
       0.000000000       0.000000000       2.599923126       0.359566806    31045.215289352  99  5398   AzEl         1       1       1       1
       0.000000000       0.000000000       2.593417993       0.366453957    31045.215324074  99  5398   AzEl         1       1       1       1
       0.000000000       0.000000000       2.586733784       0.373435970    31045.215358796  99  5398   AzEl         1       1       1       1
       0.000000000       0.000000000       2.579863663       0.380514188    31045.215393519  99  5398   AzEl         1       1       1       1
       0.000000000       0.000000000       2.572800482       0.387689890    31045.215428241  99  5398   AzEl         1       1       1       1
       0.000000000       0.000000000       2.565536766       0.394964278    31045.215462963  99  5398   AzEl         1       1       1       1
       0.000000000       0.000000000       2.558064696       0.402338469    31045.215497685  99  5398   AzEl         1       1       1       1
       0.000000000       0.000000000       2.550376097       0.409813474    31045.215532407  99  5398   AzEl         1       1       1       1
       0.000000000       0.000000000       2.542462419       0.417390188    31045.215567130  99  5398   AzEl         1       1       1       1
       0.000000000       0.000000000       2.534314720       0.425069374    31045.215601852  99  5398   AzEl         1       1       1       1
       0.000000000       0.000000000       2.525923652       0.432851639    31045.215636574  99  5398   AzEl         1       1       1       1
       0.000000000       0.000000000       2.517279441       0.440737417    31045.215671296  99  5398   AzEl         1       1       1       1
       0.000000000       0.000000000       2.508371870       0.448726948    31045.215706019  99  5398   AzEl         1       1       1       1
       0.000000000       0.000000000       2.499190262       0.456820252    31045.215740741  99  5398   AzEl         1       1       1       1
       0.000000000       0.000000000       2.489723465       0.465017103    31045.215775463  99  5398   AzEl         1       1       1       1
       0.000000000       0.000000000       2.479959833       0.473317000    31045.215810185  99  5398   AzEl         1       1       1       1
       0.000000000       0.000000000       2.469887209       0.481719138    31045.215844907  99  5398   AzEl         1       1       1       1
       0.000000000       0.000000000       2.459492914       0.490222372    31045.215879630  99  5398   AzEl         1       1       1       1
       0.000000000       0.000000000       2.448763730       0.498825183    31045.215914352  99  5398   AzEl         1       1       1       1
       0.000000000       0.000000000       2.437685888       0.507525639    31045.215949074  99  5398   AzEl         1       1       1       1
       0.000000000       0.000000000       2.426245063       0.516321350    31045.215983796  99  5398   AzEl         1       1       1       1
       0.000000000       0.000000000       2.414426360       0.525209428    31045.216018519  99  5398   AzEl         1       1       1       1
       0.000000000       0.000000000       2.402214317       0.534186440    31045.216053241  99  5398   AzEl         1       1       1       1
       0.000000000       0.000000000       2.389592903       0.543248354    31045.216087963  99  5398   AzEl         1       1       1       1
       0.000000000       0.000000000       2.376545527       0.552390487    31045.216122685  99  5398   AzEl         1       1       1       1
       0.000000000       0.000000000       2.363055046       0.561607452    31045.216157407  99  5398   AzEl         1       1       1       1
       0.000000000       0.000000000       2.349103793       0.570893100    31045.216192130  99  5398   AzEl         1       1       1       1
       0.000000000       0.000000000       2.334673599       0.580240455    31045.216226852  99  5398   AzEl         1       1       1       1
       0.000000000       0.000000000       2.319745837       0.589641659    31045.216261574  99  5398   AzEl         1       1       1       1
       0.000000000       0.000000000       2.304301474       0.599087904    31045.216296296  99  5398   AzEl         1       1       1       1
       0.000000000       0.000000000       2.288321133       0.608569371    31045.216331019  99  5398   AzEl         1       1       1       1
       0.000000000       0.000000000       2.271785181       0.618075165    31045.216365741  99  5398   AzEl         1       1       1       1
       0.000000000       0.000000000       2.254673823       0.627593254    31045.216400463  99  5398   AzEl         1       1       1       1
       0.000000000       0.000000000       2.236967229       0.637110411    31045.216435185  99  5398   AzEl         1       1       1       1
       0.000000000       0.000000000       2.218645672       0.646612154    31045.216469907  99  5398   AzEl         1       1       1       1
       0.000000000       0.000000000       2.199689699       0.656082700    31045.216504630  99  5398   AzEl         1       1       1       1
       0.000000000       0.000000000       2.180080330       0.665504921    31045.216539352  99  5398   AzEl         1       1       1       1
       0.000000000       0.000000000       2.159799280       0.674860310    31045.216574074  99  5398   AzEl         1       1       1       1
       0.000000000       0.000000000       2.138829219       0.684128961    31045.216608796  99  5398   AzEl         1       1       1       1
       0.000000000       0.000000000       2.117154065       0.693289560    31045.216643519  99  5398   AzEl         1       1       1       1
       0.000000000       0.000000000       2.094759302       0.702319399    31045.216678241  99  5398   AzEl         1       1       1       1
       0.000000000       0.000000000       2.071632346       0.711194401    31045.216712963  99  5398   AzEl         1       1       1       1
       0.000000000       0.000000000       2.047762925       0.719889180    31045.216747685  99  5398   AzEl         1       1       1       1
       0.000000000       0.000000000       2.023143504       0.728377118    31045.216782407  99  5398   AzEl         1       1       1       1
       0.000000000       0.000000000       1.997769723       0.736630472    31045.216817130  99  5398   AzEl         1       1       1       1
       0.000000000       0.000000000       1.971640852       0.744620516    31045.216851852  99  5398   AzEl         1       1       1       1
       0.000000000       0.000000000       1.944760263       0.752317718    31045.216886574  99  5398   AzEl         1       1       1       1
       0.000000000       0.000000000       1.917135885       0.759691941    31045.216921296  99  5398   AzEl         1       1       1       1
       0.000000000       0.000000000       1.888780648       0.766712694    31045.216956019  99  5398   AzEl         1       1       1       1
       0.000000000       0.000000000       1.859712889       0.773349406    31045.216990741  99  5398   AzEl         1       1       1       1
       0.000000000       0.000000000       1.829956709       0.779571740    31045.217025463  99  5398   AzEl         1       1       1       1
       0.000000000       0.000000000       1.799542248       0.785349932    31045.217060185  99  5398   AzEl         1       1       1       1
       0.000000000       0.000000000       1.768505874       0.790655153    31045.217094907  99  5398   AzEl         1       1       1       1
       0.000000000       0.000000000       1.736890258       0.795459896    31045.217129630  99  5398   AzEl         1       1       1       1
       0.000000000       0.000000000       1.704744312       0.799738363    31045.217164352  99  5398   AzEl         1       1       1       1
       0.000000000       0.000000000       1.672122990       0.803466856    31045.217199074  99  5398   AzEl         1       1       1       1
       0.000000000       0.000000000       1.639086932       0.806624154    31045.217233796  99  5398   AzEl         1       1       1       1
       0.000000000       0.000000000       1.605701951       0.809191871    31045.217268519  99  5398   AzEl         1       1       1       1
       0.000000000       0.000000000       1.572038370       0.811154774    31045.217303241  99  5398   AzEl         1       1       1       1
       0.000000000       0.000000000       1.538170215       0.812501057    31045.217337963  99  5398   AzEl         1       1       1       1
       0.000000000       0.000000000       1.504174295       0.813222560    31045.217372685  99  5398   AzEl         1       1       1       1
       0.000000000       0.000000000       1.470129182       0.813314924    31045.217407407  99  5398   AzEl         1       1       1       1
       0.000000000       0.000000000       1.436114134       0.812777668    31045.217442130  99  5398   AzEl         1       1       1       1
       0.000000000       0.000000000       1.402207999       0.811614206    31045.217476852  99  5398   AzEl         1       1       1       1
       0.000000000       0.000000000       1.368488122       0.809831773    31045.217511574  99  5398   AzEl         1       1       1       1
       0.000000000       0.000000000       1.335029313       0.807441297    31045.217546296  99  5398   AzEl         1       1       1       1
       0.000000000       0.000000000       1.301902900       0.804457188    31045.217581019  99  5398   AzEl         1       1       1       1
       0.000000000       0.000000000       1.269175887       0.800897082    31045.217615741  99  5398   AzEl         1       1       1       1
       0.000000000       0.000000000       1.236910257       0.796781529    31045.217650463  99  5398   AzEl         1       1       1       1
       0.000000000       0.000000000       1.205162422       0.792133642    31045.217685185  99  5398   AzEl         1       1       1       1
       0.000000000       0.000000000       1.173982826       0.786978730    31045.217719907  99  5398   AzEl         1       1       1       1
       0.000000000       0.000000000       1.143415705       0.781343904    31045.217754630  99  5398   AzEl         1       1       1       1
       0.000000000       0.000000000       1.113498996       0.775257688    31045.217789352  99  5398   AzEl         1       1       1       1
       0.000000000       0.000000000       1.084264379       0.768749633    31045.217824074  99  5398   AzEl         1       1       1       1
       0.000000000       0.000000000       1.055737437       0.761849950    31045.217858796  99  5398   AzEl         1       1       1       1
       0.000000000       0.000000000       1.027937915       0.754589161    31045.217893519  99  5398   AzEl         1       1       1       1
       0.000000000       0.000000000       1.000880053       0.746997782    31045.217928241  99  5398   AzEl         1       1       1       1
       0.000000000       0.000000000       0.974572987       0.739106037    31045.217962963  99  5398   AzEl         1       1       1       1
       0.000000000       0.000000000       0.949021183       0.730943605    31045.217997685  99  5398   AzEl         1       1       1       1
       0.000000000       0.000000000       0.924224889       0.722539402    31045.218032407  99  5398   AzEl         1       1       1       1
       0.000000000       0.000000000       0.900180608       0.713921402    31045.218067130  99  5398   AzEl         1       1       1       1
       0.000000000       0.000000000       0.876881553       0.705116486    31045.218101852  99  5398   AzEl         1       1       1       1
       0.000000000       0.000000000       0.854318096       0.696150329    31045.218136574  99  5398   AzEl         1       1       1       1
       0.000000000       0.000000000       0.832478191       0.687047311    31045.218171296  99  5398   AzEl         1       1       1       1
       0.000000000       0.000000000       0.811347768       0.677830457    31045.218206019  99  5398   AzEl         1       1       1       1
       0.000000000       0.000000000       0.790911106       0.668521405    31045.218240741  99  5398   AzEl         1       1       1       1
       0.000000000       0.000000000       0.771151156       0.659140387    31045.218275463  99  5398   AzEl         1       1       1       1
       0.000000000       0.000000000       0.752049846       0.649706234    31045.218310185  99  5398   AzEl         1       1       1       1
       0.000000000       0.000000000       0.733588348       0.640236393    31045.218344907  99  5398   AzEl         1       1       1       1
       0.000000000       0.000000000       0.715747307       0.630746959    31045.218379630  99  5398   AzEl         1       1       1       1
       0.000000000       0.000000000       0.698507047       0.621252715    31045.218414352  99  5398   AzEl         1       1       1       1
       0.000000000       0.000000000       0.681847750       0.611767180    31045.218449074  99  5398   AzEl         1       1       1       1
       0.000000000       0.000000000       0.665749601       0.602302665    31045.218483796  99  5398   AzEl         1       1       1       1
       0.000000000       0.000000000       0.650192915       0.592870328    31045.218518519  99  5398   AzEl         1       1       1       1
       0.000000000       0.000000000       0.635158244       0.583480242    31045.218553241  99  5398   AzEl         1       1       1       1
       0.000000000       0.000000000       0.620626463       0.574141450    31045.218587963  99  5398   AzEl         1       1       1       1
       0.000000000       0.000000000       0.606578837       0.564862036    31045.218622685  99  5398   AzEl         1       1       1       1
       0.000000000       0.000000000       0.592997081       0.555649182    31045.218657407  99  5398   AzEl         1       1       1       1
       0.000000000       0.000000000       0.579863398       0.546509235    31045.218692130  99  5398   AzEl         1       1       1       1
       0.000000000       0.000000000       0.567160513       0.537447764    31045.218726852  99  5398   AzEl         1       1       1       1
       0.000000000       0.000000000       0.554871697       0.528469621    31045.218761574  99  5398   AzEl         1       1       1       1
       0.000000000       0.000000000       0.542980778       0.519578994    31045.218796296  99  5398   AzEl         1       1       1       1
       0.000000000       0.000000000       0.531472151       0.510779463    31045.218831019  99  5398   AzEl         1       1       1       1
       0.000000000       0.000000000       0.520330782       0.502074051    31045.218865741  99  5398   AzEl         1       1       1       1
       0.000000000       0.000000000       0.509542204       0.493465269    31045.218900463  99  5398   AzEl         1       1       1       1
       0.000000000       0.000000000       0.499092509       0.484955164    31045.218935185  99  5398   AzEl         1       1       1       1
       0.000000000       0.000000000       0.488968344       0.476545359    31045.218969907  99  5398   AzEl         1       1       1       1
       0.000000000       0.000000000       0.479156897       0.468237094    31045.219004630  99  5398   AzEl         1       1       1       1
       0.000000000       0.000000000       0.469645883       0.460031263    31045.219039352  99  5398   AzEl         1       1       1       1
       0.000000000       0.000000000       0.460423529       0.451928446    31045.219074074  99  5398   AzEl         1       1       1       1
       0.000000000       0.000000000       0.451478563       0.443928941    31045.219108796  99  5398   AzEl         1       1       1       1
       0.000000000       0.000000000       0.442800190       0.436032796    31045.219143519  99  5398   AzEl         1       1       1       1
       0.000000000       0.000000000       0.434378082       0.428239830    31045.219178241  99  5398   AzEl         1       1       1       1
       0.000000000       0.000000000       0.426202355       0.420549664    31045.219212963  99  5398   AzEl         1       1       1       1
       0.000000000       0.000000000       0.418263557       0.412961740    31045.219247685  99  5398   AzEl         1       1       1       1
       0.000000000       0.000000000       0.410552646       0.405475341    31045.219282407  99  5398   AzEl         1       1       1       1
       0.000000000       0.000000000       0.403060977       0.398089612    31045.219317130  99  5398   AzEl         1       1       1       1
       0.000000000       0.000000000       0.395780283       0.390803578    31045.219351852  99  5398   AzEl         1       1       1       1
       0.000000000       0.000000000       0.388702659       0.383616155    31045.219386574  99  5398   AzEl         1       1       1       1
       0.000000000       0.000000000       0.381820545       0.376526171    31045.219421296  99  5398   AzEl         1       1       1       1
       0.000000000       0.000000000       0.375126713       0.369532373    31045.219456019  99  5398   AzEl         1       1       1       1
       0.000000000       0.000000000       0.368614251       0.362633442    31045.219490741  99  5398   AzEl         1       1       1       1
       0.000000000       0.000000000       0.362276549       0.355828003    31045.219525463  99  5398   AzEl         1       1       1       1
       0.000000000       0.000000000       0.356107281       0.349114634    31045.219560185  99  5398   AzEl         1       1       1       1
