       0.000000000       0.000000000       2.606268371       0.352761214    31045.215254630  99  5398   AzEl         1       1       1       1
       0.000000000       0.000000000       2.599935956       0.359554866    31045.215289352  99  5398   AzEl         1       1       1       1
       0.000000000       0.000000000       2.593431009       0.366441985    31045.215324074  99  5398   AzEl         1       1       1       1
       0.000000000       0.000000000       2.586746993       0.373423967    31045.215358796  99  5398   AzEl         1       1       1       1
       0.000000000       0.000000000       2.579877070       0.380502154    31045.215393519  99  5398   AzEl         1       1       1       1
       0.000000000       0.000000000       2.572814094       0.387677826    31045.215428241  99  5398   AzEl         1       1       1       1
       0.000000000       0.000000000       2.565550588       0.394952185    31045.215462963  99  5398   AzEl         1       1       1       1
       0.000000000       0.000000000       2.558078736       0.402326348    31045.215497685  99  5398   AzEl         1       1       1       1
       0.000000000       0.000000000       2.550390362       0.409801326    31045.215532407  99  5398   AzEl         1       1       1       1
       0.000000000       0.000000000       2.542476915       0.417378016    31045.215567130  99  5398   AzEl         1       1       1       1
       0.000000000       0.000000000       2.534329457       0.425057178    31045.215601852  99  5398   AzEl         1       1       1       1
       0.000000000       0.000000000       2.525938637       0.432839421    31045.215636574  99  5398   AzEl         1       1       1       1
       0.000000000       0.000000000       2.517294681       0.440725180    31045.215671296  99  5398   AzEl         1       1       1       1
       0.000000000       0.000000000       2.508387374       0.448714694    31045.215706019  99  5398   AzEl         1       1       1       1
       0.000000000       0.000000000       2.499206040       0.456807984    31045.215740741  99  5398   AzEl         1       1       1       1
       0.000000000       0.000000000       2.489739526       0.465004823    31045.215775463  99  5398   AzEl         1       1       1       1
       0.000000000       0.000000000       2.479976186       0.473304712    31045.215810185  99  5398   AzEl         1       1       1       1
       0.000000000       0.000000000       2.469903864       0.481706846    31045.215844907  99  5398   AzEl         1       1       1       1
       0.000000000       0.000000000       2.459509882       0.490210080    31045.215879630  99  5398   AzEl         1       1       1       1
       0.000000000       0.000000000       2.448781022       0.498812896    31045.215914352  99  5398   AzEl         1       1       1       1
       0.000000000       0.000000000       2.437703515       0.507513360    31045.215949074  99  5398   AzEl         1       1       1       1
       0.000000000       0.000000000       2.426263036       0.516309086    31045.215983796  99  5398   AzEl         1       1       1       1
       0.000000000       0.000000000       2.414444692       0.525197185    31045.216018519  99  5398   AzEl         1       1       1       1
       0.000000000       0.000000000       2.402233019       0.534174224    31045.216053241  99  5398   AzEl         1       1       1       1
       0.000000000       0.000000000       2.389611989       0.543236171    31045.216087963  99  5398   AzEl         1       1       1       1
       0.000000000       0.000000000       2.376565009       0.552378345    31045.216122685  99  5398   AzEl         1       1       1       1
       0.000000000       0.000000000       2.363074939       0.561595360    31045.216157407  99  5398   AzEl         1       1       1       1
       0.000000000       0.000000000       2.349124110       0.570881066    31045.216192130  99  5398   AzEl         1       1       1       1
       0.000000000       0.000000000       2.334694354       0.580228490    31045.216226852  99  5398   AzEl         1       1       1       1
       0.000000000       0.000000000       2.319767044       0.589629772    31045.216261574  99  5398   AzEl         1       1       1       1
       0.000000000       0.000000000       2.304323148       0.599076107    31045.216296296  99  5398   AzEl         1       1       1       1
       0.000000000       0.000000000       2.288343288       0.608557676    31045.216331019  99  5398   AzEl         1       1       1       1
       0.000000000       0.000000000       2.271807832       0.618063584    31045.216365741  99  5398   AzEl         1       1       1       1
       0.000000000       0.000000000       2.254696986       0.627581802    31045.216400463  99  5398   AzEl         1       1       1       1
       0.000000000       0.000000000       2.236990917       0.637099102    31045.216435185  99  5398   AzEl         1       1       1       1
       0.000000000       0.000000000       2.218669899       0.646601004    31045.216469907  99  5398   AzEl         1       1       1       1
       0.000000000       0.000000000       2.199714480       0.656071726    31045.216504630  99  5398   AzEl         1       1       1       1
       0.000000000       0.000000000       2.180105677       0.665494140    31045.216539352  99  5398   AzEl         1       1       1       1
       0.000000000       0.000000000       2.159825205       0.674849742    31045.216574074  99  5398   AzEl         1       1       1       1
       0.000000000       0.000000000       2.138855734       0.684118624    31045.216608796  99  5398   AzEl         1       1       1       1
       0.000000000       0.000000000       2.117181179       0.693279476    31045.216643519  99  5398   AzEl         1       1       1       1
       0.000000000       0.000000000       2.094787025       0.702309588    31045.216678241  99  5398   AzEl         1       1       1       1
       0.000000000       0.000000000       2.071660682       0.711184887    31045.216712963  99  5398   AzEl         1       1       1       1
       0.000000000       0.000000000       2.047791880       0.719879986    31045.216747685  99  5398   AzEl         1       1       1       1
       0.000000000       0.000000000       2.023173079       0.728368267    31045.216782407  99  5398   AzEl         1       1       1       1
       0.000000000       0.000000000       1.997799916       0.736621989    31045.216817130  99  5398   AzEl         1       1       1       1
       0.000000000       0.000000000       1.971671660       0.744612427    31045.216851852  99  5398   AzEl         1       1       1       1
       0.000000000       0.000000000       1.944791677       0.752310048    31045.216886574  99  5398   AzEl         1       1       1       1
       0.000000000       0.000000000       1.917167892       0.759684715    31045.216921296  99  5398   AzEl         1       1       1       1
       0.000000000       0.000000000       1.888813231       0.766705938    31045.216956019  99  5398   AzEl         1       1       1       1
       0.000000000       0.000000000       1.859746028       0.773343145    31045.216990741  99  5398   AzEl         1       1       1       1
       0.000000000       0.000000000       1.829990378       0.779565998    31045.217025463  99  5398   AzEl         1       1       1       1
       0.000000000       0.000000000       1.799576415       0.785344733    31045.217060185  99  5398   AzEl         1       1       1       1
       0.000000000       0.000000000       1.768540504       0.790650519    31045.217094907  99  5398   AzEl         1       1       1       1
       0.000000000       0.000000000       1.736925309       0.795455849    31045.217129630  99  5398   AzEl         1       1       1       1
       0.000000000       0.000000000       1.704779738       0.799734923    31045.217164352  99  5398   AzEl         1       1       1       1
       0.000000000       0.000000000       1.672158740       0.803464039    31045.217199074  99  5398   AzEl         1       1       1       1
       0.000000000       0.000000000       1.639122952       0.806621975    31045.217233796  99  5398   AzEl         1       1       1       1
       0.000000000       0.000000000       1.605738181       0.809190343    31045.217268519  99  5398   AzEl         1       1       1       1
       0.000000000       0.000000000       1.572074749       0.811153906    31045.217303241  99  5398   AzEl         1       1       1       1
       0.000000000       0.000000000       1.538206678       0.812500856    31045.217337963  99  5398   AzEl         1       1       1       1
       0.000000000       0.000000000       1.504210777       0.813223031    31045.217372685  99  5398   AzEl         1       1       1       1
       0.000000000       0.000000000       1.470165615       0.813316066    31045.217407407  99  5398   AzEl         1       1       1       1
       0.000000000       0.000000000       1.436150453       0.812779480    31045.217442130  99  5398   AzEl         1       1       1       1
       0.000000000       0.000000000       1.402244139       0.811616681    31045.217476852  99  5398   AzEl         1       1       1       1
       0.000000000       0.000000000       1.368524018       0.809834903    31045.217511574  99  5398   AzEl         1       1       1       1
       0.000000000       0.000000000       1.335064906       0.807445069    31045.217546296  99  5398   AzEl         1       1       1       1
       0.000000000       0.000000000       1.301938132       0.804461589    31045.217581019  99  5398   AzEl         1       1       1       1
       0.000000000       0.000000000       1.269210705       0.800902095    31045.217615741  99  5398   AzEl         1       1       1       1
       0.000000000       0.000000000       1.236944613       0.796787134    31045.217650463  99  5398   AzEl         1       1       1       1
       0.000000000       0.000000000       1.205196273       0.792139819    31045.217685185  99  5398   AzEl         1       1       1       1
       0.000000000       0.000000000       1.174016132       0.786985456    31045.217719907  99  5398   AzEl         1       1       1       1
       0.000000000       0.000000000       1.143448433       0.781351155    31045.217754630  99  5398   AzEl         1       1       1       1
       0.000000000       0.000000000       1.113531118       0.775265439    31045.217789352  99  5398   AzEl         1       1       1       1
       0.000000000       0.000000000       1.084295873       0.768757859    31045.217824074  99  5398   AzEl         1       1       1       1
       0.000000000       0.000000000       1.055768285       0.761858625    31045.217858796  99  5398   AzEl         1       1       1       1
       0.000000000       0.000000000       1.027968103       0.754598258    31045.217893519  99  5398   AzEl         1       1       1       1
       0.000000000       0.000000000       1.000909572       0.747007275    31045.217928241  99  5398   AzEl         1       1       1       1
       0.000000000       0.000000000       0.974601833       0.739115900    31045.217962963  99  5398   AzEl         1       1       1       1
       0.000000000       0.000000000       0.949049354       0.730953812    31045.217997685  99  5398   AzEl         1       1       1       1
       0.000000000       0.000000000       0.924252387       0.722549928    31045.218032407  99  5398   AzEl         1       1       1       1
       0.000000000       0.000000000       0.900207438       0.713932223    31045.218067130  99  5398   AzEl         1       1       1       1
       0.000000000       0.000000000       0.876907722       0.705127579    31045.218101852  99  5398   AzEl         1       1       1       1
       0.000000000       0.000000000       0.854343613       0.696161671    31045.218136574  99  5398   AzEl         1       1       1       1
       0.000000000       0.000000000       0.832503066       0.687058879    31045.218171296  99  5398   AzEl         1       1       1       1
       0.000000000       0.000000000       0.811372016       0.677842232    31045.218206019  99  5398   AzEl         1       1       1       1
       0.000000000       0.000000000       0.790934739       0.668533367    31045.218240741  99  5398   AzEl         1       1       1       1
       0.000000000       0.000000000       0.771174189       0.659152518    31045.218275463  99  5398   AzEl         1       1       1       1
       0.000000000       0.000000000       0.752072295       0.649718516    31045.218310185  99  5398   AzEl         1       1       1       1
       0.000000000       0.000000000       0.733610228       0.640248809    31045.218344907  99  5398   AzEl         1       1       1       1
       0.000000000       0.000000000       0.715768634       0.630759495    31045.218379630  99  5398   AzEl         1       1       1       1
       0.000000000       0.000000000       0.698527839       0.621265356    31045.218414352  99  5398   AzEl         1       1       1       1
       0.000000000       0.000000000       0.681868022       0.611779912    31045.218449074  99  5398   AzEl         1       1       1       1
       0.000000000       0.000000000       0.665769369       0.602315476    31045.218483796  99  5398   AzEl         1       1       1       1
       0.000000000       0.000000000       0.650212196       0.592883206    31045.218518519  99  5398   AzEl         1       1       1       1
       0.000000000       0.000000000       0.635177054       0.583493176    31045.218553241  99  5398   AzEl         1       1       1       1
       0.000000000       0.000000000       0.620644817       0.574154431    31045.218587963  99  5398   AzEl         1       1       1       1
       0.000000000       0.000000000       0.606596751       0.564875054    31045.218622685  99  5398   AzEl         1       1       1       1
       0.000000000       0.000000000       0.593014569       0.555662229    31045.218657407  99  5398   AzEl         1       1       1       1
       0.000000000       0.000000000       0.579880476       0.546522304    31045.218692130  99  5398   AzEl         1       1       1       1
       0.000000000       0.000000000       0.567177194       0.537460847    31045.218726852  99  5398   AzEl         1       1       1       1
       0.000000000       0.000000000       0.554887995       0.528482712    31045.218761574  99  5398   AzEl         1       1       1       1
       0.000000000       0.000000000       0.542996706       0.519592087    31045.218796296  99  5398   AzEl         1       1       1       1
       0.000000000       0.000000000       0.531487722       0.510792552    31045.218831019  99  5398   AzEl         1       1       1       1
       0.000000000       0.000000000       0.520346009       0.502087132    31045.218865741  99  5398   AzEl         1       1       1       1
       0.000000000       0.000000000       0.509557097       0.493478337    31045.218900463  99  5398   AzEl         1       1       1       1
       0.000000000       0.000000000       0.499107081       0.484968215    31045.218935185  99  5398   AzEl         1       1       1       1
       0.000000000       0.000000000       0.488982606       0.476558389    31045.218969907  99  5398   AzEl         1       1       1       1
       0.000000000       0.000000000       0.479170859       0.468250101    31045.219004630  99  5398   AzEl         1       1       1       1
       0.000000000       0.000000000       0.469659554       0.460044243    31045.219039352  99  5398   AzEl         1       1       1       1
       0.000000000       0.000000000       0.460436921       0.451941397    31045.219074074  99  5398   AzEl         1       1       1       1
       0.000000000       0.000000000       0.451491684       0.443941861    31045.219108796  99  5398   AzEl         1       1       1       1
       0.000000000       0.000000000       0.442813049       0.436045682    31045.219143519  99  5398   AzEl         1       1       1       1
       0.000000000       0.000000000       0.434390688       0.428252681    31045.219178241  99  5398   AzEl         1       1       1       1
       0.000000000       0.000000000       0.426214716       0.420562479    31045.219212963  99  5398   AzEl         1       1       1       1
       0.000000000       0.000000000       0.418275681       0.412974517    31045.219247685  99  5398   AzEl         1       1       1       1
       0.000000000       0.000000000       0.410564541       0.405488078    31045.219282407  99  5398   AzEl         1       1       1       1
       0.000000000       0.000000000       0.403072650       0.398102310    31045.219317130  99  5398   AzEl         1       1       1       1
       0.000000000       0.000000000       0.395791741       0.390816235    31045.219351852  99  5398   AzEl         1       1       1       1
       0.000000000       0.000000000       0.388713908       0.383628771    31045.219386574  99  5398   AzEl         1       1       1       1
       0.000000000       0.000000000       0.381831592       0.376538745    31045.219421296  99  5398   AzEl         1       1       1       1
       0.000000000       0.000000000       0.375137565       0.369544905    31045.219456019  99  5398   AzEl         1       1       1       1
       0.000000000       0.000000000       0.368624914       0.362645931    31045.219490741  99  5398   AzEl         1       1       1       1
       0.000000000       0.000000000       0.362287027       0.355840450    31045.219525463  99  5398   AzEl         1       1       1       1
       0.000000000       0.000000000       0.356117581       0.349127038    31045.219560185  99  5398   AzEl         1       1       1       1
