       0.000000000       0.000000000       2.607263912       0.351003538    31045.215254630  99  5398   AzEl         1       1       1       1
       0.000000000       0.000000000       2.599100188       0.361770570    31045.215289352  99  5398   AzEl         1       1       1       1
       0.000000000       0.000000000       2.591469907       0.367130756    31045.215324074  99  5398   AzEl         1       1       1       1
       0.000000000       0.000000000       2.591828838       0.373614308    31045.215358796  99  5398   AzEl         1       1       1       1
       0.000000000       0.000000000       2.576977245       0.380355500    31045.215393519  99  5398   AzEl         1       1       1       1
       0.000000000       0.000000000       2.571927025       0.387858676    31045.215428241  99  5398   AzEl         1       1       1       1
       0.000000000       0.000000000       2.564578981       0.392688301    31045.215462963  99  5398   AzEl         1       1       1       1
       0.000000000       0.000000000       2.561025402       0.403061423    31045.215497685  99  5398   AzEl         1       1       1       1
       0.000000000       0.000000000       2.550299949       0.409929241    31045.215532407  99  5398   AzEl         1       1       1       1
       0.000000000       0.000000000       2.544654650       0.416936539    31045.215567130  99  5398   AzEl         1       1       1       1
       0.000000000       0.000000000       2.533792142       0.424697894    31045.215601852  99  5398   AzEl         1       1       1       1
       0.000000000       0.000000000       2.524665798       0.434494425    31045.215636574  99  5398   AzEl         1       1       1       1
       0.000000000       0.000000000       2.515214064       0.437512130    31045.215671296  99  5398   AzEl         1       1       1       1
       0.000000000       0.000000000       2.509114353       0.450163271    31045.215706019  99  5398   AzEl         1       1       1       1
       0.000000000       0.000000000       2.499784603       0.455812912    31045.215740741  99  5398   AzEl         1       1       1       1
       0.000000000       0.000000000       2.493620282       0.469067200    31045.215775463  99  5398   AzEl         1       1       1       1
       0.000000000       0.000000000       2.480423755       0.476726684    31045.215810185  99  5398   AzEl         1       1       1       1
       0.000000000       0.000000000       2.468555588       0.480093280    31045.215844907  99  5398   AzEl         1       1       1       1
       0.000000000       0.000000000       2.460873050       0.488567085    31045.215879630  99  5398   AzEl         1       1       1       1
       0.000000000       0.000000000       2.449974041       0.497502718    31045.215914352  99  5398   AzEl         1       1       1       1
       0.000000000       0.000000000       2.437343507       0.508381153    31045.215949074  99  5398   AzEl         1       1       1       1
       0.000000000       0.000000000       2.429359030       0.517428252    31045.215983796  99  5398   AzEl         1       1       1       1
       0.000000000       0.000000000       2.416339323       0.524806431    31045.216018519  99  5398   AzEl         1       1       1       1
       0.000000000       0.000000000       2.401828515       0.535694581    31045.216053241  99  5398   AzEl         1       1       1       1
       0.000000000       0.000000000       2.392569021       0.543367105    31045.216087963  99  5398   AzEl         1       1       1       1
       0.000000000       0.000000000       2.375189951       0.555641247    31045.216122685  99  5398   AzEl         1       1       1       1
       0.000000000       0.000000000       2.360249685       0.559978110    31045.216157407  99  5398   AzEl         1       1       1       1
       0.000000000       0.000000000       2.349759292       0.572551241    31045.216192130  99  5398   AzEl         1       1       1       1
       0.000000000       0.000000000       2.333067109       0.580308774    31045.216226852  99  5398   AzEl         1       1       1       1
       0.000000000       0.000000000       2.318259565       0.588060124    31045.216261574  99  5398   AzEl         1       1       1       1
       0.000000000       0.000000000       2.302415971       0.599566804    31045.216296296  99  5398   AzEl         1       1       1       1
       0.000000000       0.000000000       2.287148811       0.609921041    31045.216331019  99  5398   AzEl         1       1       1       1
       0.000000000       0.000000000       2.270819860       0.618633070    31045.216365741  99  5398   AzEl         1       1       1       1
       0.000000000       0.000000000       2.255516868       0.626673278    31045.216400463  99  5398   AzEl         1       1       1       1
       0.000000000       0.000000000       2.236841387       0.635601463    31045.216435185  99  5398   AzEl         1       1       1       1
       0.000000000       0.000000000       2.218223018       0.645592850    31045.216469907  99  5398   AzEl         1       1       1       1
       0.000000000       0.000000000       2.199420846       0.655549108    31045.216504630  99  5398   AzEl         1       1       1       1
       0.000000000       0.000000000       2.178908489       0.667013266    31045.216539352  99  5398   AzEl         1       1       1       1
       0.000000000       0.000000000       2.161697280       0.671695597    31045.216574074  99  5398   AzEl         1       1       1       1
       0.000000000       0.000000000       2.139855682       0.682852592    31045.216608796  99  5398   AzEl         1       1       1       1
       0.000000000       0.000000000       2.114350732       0.691587468    31045.216643519  99  5398   AzEl         1       1       1       1
       0.000000000       0.000000000       2.095100475       0.702166725    31045.216678241  99  5398   AzEl         1       1       1       1
       0.000000000       0.000000000       2.070890307       0.711666378    31045.216712963  99  5398   AzEl         1       1       1       1
       0.000000000       0.000000000       2.048565351       0.719392009    31045.216747685  99  5398   AzEl         1       1       1       1
       0.000000000       0.000000000       2.024258068       0.725992064    31045.216782407  99  5398   AzEl         1       1       1       1
       0.000000000       0.000000000       1.999388983       0.737177774    31045.216817130  99  5398   AzEl         1       1       1       1
       0.000000000       0.000000000       1.970990381       0.745780973    31045.216851852  99  5398   AzEl         1       1       1       1
       0.000000000       0.000000000       1.946671389       0.755053573    31045.216886574  99  5398   AzEl         1       1       1       1
       0.000000000       0.000000000       1.916946593       0.760328214    31045.216921296  99  5398   AzEl         1       1       1       1
       0.000000000       0.000000000       1.888111159       0.766485509    31045.216956019  99  5398   AzEl         1       1       1       1
       0.000000000       0.000000000       1.857905791       0.774847460    31045.216990741  99  5398   AzEl         1       1       1       1
       0.000000000       0.000000000       1.829582007       0.783250033    31045.217025463  99  5398   AzEl         1       1       1       1
       0.000000000       0.000000000       1.798963982       0.786816226    31045.217060185  99  5398   AzEl         1       1       1       1
       0.000000000       0.000000000       1.767073942       0.789541948    31045.217094907  99  5398   AzEl         1       1       1       1
       0.000000000       0.000000000       1.738083682       0.796334015    31045.217129630  99  5398   AzEl         1       1       1       1
       0.000000000       0.000000000       1.705078754       0.798794143    31045.217164352  99  5398   AzEl         1       1       1       1
       0.000000000       0.000000000       1.669315826       0.804197428    31045.217199074  99  5398   AzEl         1       1       1       1
       0.000000000       0.000000000       1.642159212       0.806357798    31045.217233796  99  5398   AzEl         1       1       1       1
       0.000000000       0.000000000       1.605894350       0.809858248    31045.217268519  99  5398   AzEl         1       1       1       1
       0.000000000       0.000000000       1.571199433       0.807841806    31045.217303241  99  5398   AzEl         1       1       1       1
       0.000000000       0.000000000       1.539181116       0.811028265    31045.217337963  99  5398   AzEl         1       1       1       1
       0.000000000       0.000000000       1.505428767       0.809172836    31045.217372685  99  5398   AzEl         1       1       1       1
       0.000000000       0.000000000       1.471477873       0.812917508    31045.217407407  99  5398   AzEl         1       1       1       1
       0.000000000       0.000000000       1.435674572       0.812898232    31045.217442130  99  5398   AzEl         1       1       1       1
       0.000000000       0.000000000       1.398543771       0.811135551    31045.217476852  99  5398   AzEl         1       1       1       1
       0.000000000       0.000000000       1.368431318       0.810589732    31045.217511574  99  5398   AzEl         1       1       1       1
       0.000000000       0.000000000       1.336214835       0.804852446    31045.217546296  99  5398   AzEl         1       1       1       1
       0.000000000       0.000000000       1.302419832       0.807014914    31045.217581019  99  5398   AzEl         1       1       1       1
       0.000000000       0.000000000       1.271208016       0.799954252    31045.217615741  99  5398   AzEl         1       1       1       1
       0.000000000       0.000000000       1.237866755       0.795439177    31045.217650463  99  5398   AzEl         1       1       1       1
       0.000000000       0.000000000       1.204517740       0.791962918    31045.217685185  99  5398   AzEl         1       1       1       1
       0.000000000       0.000000000       1.175646294       0.787754954    31045.217719907  99  5398   AzEl         1       1       1       1
       0.000000000       0.000000000       1.142636717       0.782044286    31045.217754630  99  5398   AzEl         1       1       1       1
       0.000000000       0.000000000       1.116897334       0.775615885    31045.217789352  99  5398   AzEl         1       1       1       1
       0.000000000       0.000000000       1.086359129       0.766418608    31045.217824074  99  5398   AzEl         1       1       1       1
       0.000000000       0.000000000       1.054258439       0.761566122    31045.217858796  99  5398   AzEl         1       1       1       1
       0.000000000       0.000000000       1.028882465       0.753731282    31045.217893519  99  5398   AzEl         1       1       1       1
       0.000000000       0.000000000       1.000159578       0.748594453    31045.217928241  99  5398   AzEl         1       1       1       1
       0.000000000       0.000000000       0.973805241       0.741136883    31045.217962963  99  5398   AzEl         1       1       1       1
       0.000000000       0.000000000       0.951340281       0.730721476    31045.217997685  99  5398   AzEl         1       1       1       1
       0.000000000       0.000000000       0.926441946       0.723241250    31045.218032407  99  5398   AzEl         1       1       1       1
       0.000000000       0.000000000       0.898795392       0.713532656    31045.218067130  99  5398   AzEl         1       1       1       1
       0.000000000       0.000000000       0.876994277       0.706602777    31045.218101852  99  5398   AzEl         1       1       1       1
       0.000000000       0.000000000       0.857820618       0.693945212    31045.218136574  99  5398   AzEl         1       1       1       1
       0.000000000       0.000000000       0.830408776       0.687679387    31045.218171296  99  5398   AzEl         1       1       1       1
       0.000000000       0.000000000       0.810569456       0.676173026    31045.218206019  99  5398   AzEl         1       1       1       1
       0.000000000       0.000000000       0.789313608       0.667443529    31045.218240741  99  5398   AzEl         1       1       1       1
       0.000000000       0.000000000       0.770400397       0.658295481    31045.218275463  99  5398   AzEl         1       1       1       1
       0.000000000       0.000000000       0.751932661       0.648735903    31045.218310185  99  5398   AzEl         1       1       1       1
       0.000000000       0.000000000       0.735020740       0.640040430    31045.218344907  99  5398   AzEl         1       1       1       1
       0.000000000       0.000000000       0.717137101       0.630001878    31045.218379630  99  5398   AzEl         1       1       1       1
       0.000000000       0.000000000       0.696269527       0.621257416    31045.218414352  99  5398   AzEl         1       1       1       1
       0.000000000       0.000000000       0.683455141       0.613610010    31045.218449074  99  5398   AzEl         1       1       1       1
       0.000000000       0.000000000       0.663815907       0.604571492    31045.218483796  99  5398   AzEl         1       1       1       1
       0.000000000       0.000000000       0.654524016       0.592023836    31045.218518519  99  5398   AzEl         1       1       1       1
       0.000000000       0.000000000       0.634106624       0.584987851    31045.218553241  99  5398   AzEl         1       1       1       1
       0.000000000       0.000000000       0.623135926       0.571090114    31045.218587963  99  5398   AzEl         1       1       1       1
       0.000000000       0.000000000       0.607888839       0.563802749    31045.218622685  99  5398   AzEl         1       1       1       1
       0.000000000       0.000000000       0.593369238       0.557038961    31045.218657407  99  5398   AzEl         1       1       1       1
       0.000000000       0.000000000       0.581158885       0.546096584    31045.218692130  99  5398   AzEl         1       1       1       1
       0.000000000       0.000000000       0.566076525       0.536702020    31045.218726852  99  5398   AzEl         1       1       1       1
       0.000000000       0.000000000       0.556117125       0.527786089    31045.218761574  99  5398   AzEl         1       1       1       1
       0.000000000       0.000000000       0.545040427       0.517842411    31045.218796296  99  5398   AzEl         1       1       1       1
       0.000000000       0.000000000       0.532858178       0.510641155    31045.218831019  99  5398   AzEl         1       1       1       1
       0.000000000       0.000000000       0.523294934       0.504711113    31045.218865741  99  5398   AzEl         1       1       1       1
       0.000000000       0.000000000       0.509754603       0.494561342    31045.218900463  99  5398   AzEl         1       1       1       1
       0.000000000       0.000000000       0.501150324       0.483539230    31045.218935185  99  5398   AzEl         1       1       1       1
       0.000000000       0.000000000       0.490061387       0.477838350    31045.218969907  99  5398   AzEl         1       1       1       1
       0.000000000       0.000000000       0.480616230       0.467179031    31045.219004630  99  5398   AzEl         1       1       1       1
       0.000000000       0.000000000       0.468810564       0.460766039    31045.219039352  99  5398   AzEl         1       1       1       1
       0.000000000       0.000000000       0.459435957       0.452039526    31045.219074074  99  5398   AzEl         1       1       1       1
       0.000000000       0.000000000       0.454101634       0.443388503    31045.219108796  99  5398   AzEl         1       1       1       1
       0.000000000       0.000000000       0.441885152       0.435994050    31045.219143519  99  5398   AzEl         1       1       1       1
       0.000000000       0.000000000       0.431254248       0.427743784    31045.219178241  99  5398   AzEl         1       1       1       1
       0.000000000       0.000000000       0.424837572       0.421845300    31045.219212963  99  5398   AzEl         1       1       1       1
       0.000000000       0.000000000       0.419186803       0.415411057    31045.219247685  99  5398   AzEl         1       1       1       1
       0.000000000       0.000000000       0.407035115       0.405594636    31045.219282407  99  5398   AzEl         1       1       1       1
       0.000000000       0.000000000       0.404944915       0.399357624    31045.219317130  99  5398   AzEl         1       1       1       1
       0.000000000       0.000000000       0.397982520       0.392190379    31045.219351852  99  5398   AzEl         1       1       1       1
       0.000000000       0.000000000       0.386240109       0.382460991    31045.219386574  99  5398   AzEl         1       1       1       1
       0.000000000       0.000000000       0.385132887       0.374312067    31045.219421296  99  5398   AzEl         1       1       1       1
       0.000000000       0.000000000       0.374673206       0.369567280    31045.219456019  99  5398   AzEl         1       1       1       1
       0.000000000       0.000000000       0.365932407       0.360801092    31045.219490741  99  5398   AzEl         1       1       1       1
       0.000000000       0.000000000       0.360991291       0.353193304    31045.219525463  99  5398   AzEl         1       1       1       1
       0.000000000       0.000000000       0.354584162       0.350809859    31045.219560185  99  5398   AzEl         1       1       1       1
