# abs offset [arcsec]
3.950635360959733333e+01
3.945659303754484171e+01
3.973231972374311738e+01
4.013725009336222627e+01
3.958266617945056254e+01
3.909221371542105317e+01
3.945320991558904922e+01
3.892635079250108276e+01
3.968681941847017214e+01
3.899901622365903364e+01
3.859421851256249170e+01
3.882468912564233676e+01
3.858291087926715335e+01
3.849541304935450370e+01
3.897501234605097409e+01
3.833196789522668979e+01
3.853004234991656318e+01
3.910904532407738543e+01
3.898634655162823037e+01
3.882395744111865099e+01
3.875935129792235045e+01
3.863502371662990953e+01
3.873457223083376988e+01
3.901207037567603919e+01
3.888613661066467131e+01
3.866122311670882539e+01
3.816709215677442302e+01
3.894321032253431980e+01
3.871377454839935695e+01
3.891892123727103581e+01
3.917949629147918245e+01
3.939166877029926894e+01
3.825728718121145278e+01
3.909226229896486871e+01
3.914312544144478778e+01
3.906793717679356348e+01
3.924063817015484545e+01
3.898263328394001803e+01
3.955283627691983384e+01
3.984556039828454743e+01
3.880561455254765946e+01
3.927073407604846267e+01
3.921437051937373752e+01
3.922688624306224625e+01
3.908272348980525379e+01
3.987547833643473894e+01
4.032660262445475041e+01
3.938390741155640740e+01
3.892841672884897974e+01
3.927590220751732630e+01
4.027129816194256051e+01
4.008453455781422292e+01
4.055027014473245117e+01
4.095650145125204489e+01
4.052012549843768596e+01
4.092056227130821355e+01
4.055002306393127043e+01
4.094145027010604565e+01
4.079193066367823661e+01
4.147139216589786770e+01
4.100620591015265148e+01
4.164743483960830162e+01
4.075557643326583701e+01
4.120768548712974422e+01
4.144047013226084886e+01
4.068435944920498315e+01
4.103194196579526221e+01
4.142333977785209953e+01
4.210918603189290366e+01
4.250572283633348292e+01
4.231160474290680895e+01
4.240966059981133895e+01
4.288521200116100829e+01
4.259430863883831364e+01
4.251855594679812356e+01
4.354388222544400833e+01
4.388712911249860582e+01
