# abs offset [arcsec]
1.349429932963361445e+00
1.488439356067361885e+00
1.567530107296613018e+00
1.866224146230660130e+00
2.108021109984908659e+00
2.027862377906982871e+00
1.784433497493123966e+00
1.851700195039031938e+00
1.796922902561413515e+00
1.599236469477915756e+00
1.757674757844272628e+00
1.961381110988151377e+00
2.309271107713385174e+00
1.972344294888820793e+00
1.969798541744065545e+00
2.095805554592955477e+00
2.011224133724938579e+00
2.388087161759823829e+00
2.225936664542392585e+00
2.218638707435632185e+00
2.345577195519986891e+00
2.468702691073303868e+00
2.361599932536398327e+00
2.650917117278324575e+00
2.727343871268502529e+00
2.671453602236891101e+00
3.540227781010353070e+00
3.055516360760454297e+00
2.902102955217359170e+00
2.880839265732459076e+00
2.757743910787061825e+00
3.171644267293955988e+00
3.159977602594312263e+00
3.168848619670236566e+00
3.184512239971931002e+00
3.251804813602104716e+00
3.256345440848673167e+00
3.613944810434994270e+00
3.218742244136869601e+00
3.311838104486795054e+00
3.244974527060067171e+00
3.012372081352549191e+00
3.002930868182727586e+00
3.114384372571733728e+00
3.280996575333272602e+00
3.023510638795262828e+00
3.395422195424310008e+00
3.563288238313283340e+00
3.795513148744143361e+00
3.856389428719358303e+00
4.385064489673800026e+00
4.514717543642823294e+00
5.092733314092416919e+00
5.533610539218107860e+00
6.004163174243966949e+00
6.915542795136255805e+00
7.537767402411317263e+00
8.176666574644485763e+00
9.317233049612235973e+00
6.962660604638732593e+02
3.433160517801991887e+02
3.817931161772628812e+00
