# abs offset [arcsec]
5.470601953419078711e+01
5.464820517504750796e+01
5.356730304996094105e+01
5.388742253685718708e+01
5.316158573311231095e+01
5.351289496540027812e+01
5.250401103324710306e+01
5.198599973015389253e+01
5.148946797010171395e+01
5.223468943173374868e+01
5.180170148021776555e+01
5.169622235382339426e+01
5.132393937397142025e+01
5.112110386348450675e+01
5.121354446530965987e+01
5.073037759562557625e+01
5.063683063281446550e+01
5.049585011456537842e+01
4.975688368863126954e+01
5.024232360235244954e+01
4.968433500624364996e+01
4.877248260225965026e+01
4.865000030550896071e+01
4.808938122112438407e+01
4.762012260342382319e+01
4.830295146454363220e+01
4.695562702477531758e+01
4.780125685962207882e+01
4.676358114104506569e+01
4.680718189900650827e+01
4.600516535211090030e+01
4.616159447541999583e+01
4.550187200282864097e+01
4.564439381663714101e+01
4.587434432720851873e+01
4.497103850894894350e+01
4.432257143237544028e+01
4.423362185222271847e+01
4.462023181130989258e+01
4.398736916042616940e+01
4.381953155813027934e+01
4.342922988567999454e+01
4.250129230118415791e+01
4.218537186670148742e+01
4.194411628118169943e+01
4.192664291203555393e+01
4.197606853104100821e+01
4.130357227598581460e+01
4.070194845471441170e+01
4.060375510294249324e+01
4.047785497513505248e+01
3.980465117688717669e+01
3.940321673731310170e+01
3.941406647113137751e+01
3.920635645038570516e+01
3.868066903612332652e+01
3.844099556663144313e+01
3.748278235650689538e+01
3.832968539408258124e+01
3.745931519266704868e+01
3.673332724398468940e+01
3.633781634412910222e+01
3.698011462832374718e+01
3.552218363816415803e+01
3.672124671233494553e+01
3.621493764253704484e+01
3.561488901327686563e+01
3.481678477407638894e+01
3.469180876187132867e+01
3.427874258825446674e+01
3.427349101927057262e+01
3.316183408626455531e+01
3.253523374198356777e+01
3.239233649802038428e+01
3.191263901541020331e+01
3.159108702774076249e+01
3.114642272341632179e+01
3.053478928223522715e+01
3.052191116511938773e+01
3.025504227258278789e+01
2.969172079345637627e+01
2.897509764906172691e+01
2.953170996696373862e+01
2.864139205165564661e+01
2.861566636250776696e+01
2.764942431189123795e+01
2.750843064901036783e+01
2.740357280670046691e+01
2.735644859778674487e+01
2.705441975556366430e+01
2.683498321300244172e+01
2.648029789744702356e+01
2.640884974650191452e+01
2.549616518040630808e+01
2.486322759827676876e+01
2.498309295687403875e+01
2.499927144199216755e+01
2.520051588587661229e+01
2.384355127591338430e+01
2.422235636621815402e+01
2.345702406275345453e+01
2.323357019607133012e+01
2.273857521346944566e+01
2.253183196000993149e+01
2.214501471618655160e+01
2.147944149377276801e+01
2.142459842505862966e+01
2.041914877141368834e+01
2.045243209082316227e+01
1.996092865994888754e+01
1.966283406085922891e+01
1.925568889025397823e+01
1.960277410294571254e+01
1.897732294905824091e+01
1.880030011697763115e+01
1.852907708799687825e+01
1.786590475944825940e+01
1.813413005479946349e+01
1.695497717402133731e+01
1.677757418449774462e+01
1.655940158752537528e+01
1.549147091858168679e+01
1.611587073311446616e+01
1.595694891668630788e+01
1.544333189175964272e+01
1.522592447176059771e+01
1.500429023106657134e+01
1.439117542950216233e+01
1.387452721547615475e+01
1.300587512891959463e+01
1.325298122456827876e+01
1.308897281083599751e+01
1.271297229749065316e+01
1.273183934213153101e+01
1.257108237169412490e+01
1.249507628817628557e+01
1.268759029460383303e+01
1.162016748428202995e+01
1.131129843357688003e+01
1.097727349495465354e+01
1.082340388894414573e+01
1.059791983711687635e+01
1.064491677737945885e+01
1.048780037831117085e+01
1.032982469275209780e+01
9.262401998369229617e+00
9.426634927778252404e+00
8.834967945212181206e+00
7.773752347472704827e+00
8.101916671061221820e+00
8.255924384675624950e+00
8.489317115329978236e+00
8.809470541894310003e+00
8.069301273643048944e+00
7.724530497815922381e+00
8.377213736892265672e+00
8.392169670587295016e+00
7.060919489887794498e+00
7.295737293990510075e+00
6.954843199941349141e+00
7.221246478428160032e+00
7.213620585326596668e+00
6.744430010123497077e+00
6.245406333892548290e+00
6.681412251910637146e+00
5.902963063196454030e+00
5.535981591598960527e+00
5.733755966912993607e+00
6.213740844624194182e+00
6.224335872192061636e+00
6.087018226344410365e+00
6.816261163619818042e+00
5.937364187921621017e+00
6.342476422968723604e+00
6.535589152147156966e+00
8.322291092609372498e+00
8.209900361853517126e+00
5.456373967599778219e+00
1.004784758413754098e+01
