# abs offset [arcsec]
1.372951190967793309e+02
1.289499731849816442e+02
1.271022944801588466e+02
1.289159776888085105e+02
1.293807113300956360e+02
1.288041216572580083e+02
1.290701058945826105e+02
1.291011567632938863e+02
1.283712105851880381e+02
1.279132900645697219e+02
1.274430560061754250e+02
1.277573291503302926e+02
1.274525558744349922e+02
1.268857003998092381e+02
1.269168665980838426e+02
1.271673895316852736e+02
1.269419076061410436e+02
1.263240517245922518e+02
1.260404383856832027e+02
1.263637938147625164e+02
1.261081118684421796e+02
1.253682572138873894e+02
1.249083926006773169e+02
1.239455109785927505e+02
1.245969849179175100e+02
1.237189813945362431e+02
1.231264048271712284e+02
1.229865726612443524e+02
1.230371753092107809e+02
1.222237633402412911e+02
1.217305541359590109e+02
1.210735590023723205e+02
1.210406346943328515e+02
1.212529980397057301e+02
1.209469998207437698e+02
1.199482769165038576e+02
1.195350593079437544e+02
1.192909503245561638e+02
1.183896277883458623e+02
1.180305176571031893e+02
1.182221086511407009e+02
1.173880367247372476e+02
1.173275686382943235e+02
1.161097545849871295e+02
1.159534812068237244e+02
1.158145813971255933e+02
1.158851426635660289e+02
1.160965355620435844e+02
1.151092511166364147e+02
1.147151239210458442e+02
1.147217128553516119e+02
1.137138014497007532e+02
1.137965481245420563e+02
1.129688307918831072e+02
1.128793018576698159e+02
1.125407397682462545e+02
1.124751511535023525e+02
1.118152159076467456e+02
1.111581852086631841e+02
1.106145534589614527e+02
1.102616297547597810e+02
1.099275470457811110e+02
1.098484015928070932e+02
1.093142669328469907e+02
1.098698827876210231e+02
1.096617210262157158e+02
1.093799157548563983e+02
1.088955553037842208e+02
1.084241128553054097e+02
1.086343064399564753e+02
1.086191424697823322e+02
1.081738211580606333e+02
1.075775767606122741e+02
1.071385905379417522e+02
1.069182902448939245e+02
1.064178798638504588e+02
1.062471212091778341e+02
1.055642951844542807e+02
1.060381274716038575e+02
1.051587838764958889e+02
1.049230139598795546e+02
1.049262829544482258e+02
1.050193479096315059e+02
1.040087388324345596e+02
1.038555806926071625e+02
1.034804754393412054e+02
1.029861332035532655e+02
1.029468410584664326e+02
1.025935163262972907e+02
1.024242116362512434e+02
1.024389980995763665e+02
1.023301878973670682e+02
1.026192000114104701e+02
1.021122174602127899e+02
1.019504989829033690e+02
1.012920758225879752e+02
1.016194034410002729e+02
1.011664329340316186e+02
1.005189673139747839e+02
1.009451020487797308e+02
1.003121109193237288e+02
1.002198826456569378e+02
1.001349778591738016e+02
9.969452790252267960e+01
1.001135530422727982e+02
9.923049044581614453e+01
9.923027107688490389e+01
9.944375125357420586e+01
9.897510061350072874e+01
9.920614520449186102e+01
9.914178878356221958e+01
9.931180956552957184e+01
9.858469981148451211e+01
9.883654562574007230e+01
9.872700828147864627e+01
9.779238751107931193e+01
9.852891705212296358e+01
9.769852053062588482e+01
9.779906490344590964e+01
9.828193855916502741e+01
9.702386497884650396e+01
9.666071655461647083e+01
9.666860517546625431e+01
9.672393179299847077e+01
9.630322059882610120e+01
9.635454810155079031e+01
9.676803142941784586e+01
9.684177492924033004e+01
9.654024440771108573e+01
9.590665518011819302e+01
9.557896410651838437e+01
9.624888918099378543e+01
9.591573057889691256e+01
9.556768844335785218e+01
9.546936899827603895e+01
9.495927108587623877e+01
9.489822367626784683e+01
9.509912126140751809e+01
9.484332015005189476e+01
9.481332982757946581e+01
9.451277147454923977e+01
9.392421010430966533e+01
9.430999743596018448e+01
9.410313658966252603e+01
9.319541272943484955e+01
9.355547205732675309e+01
9.403285656766408351e+01
9.464271891956346394e+01
9.479126393340372658e+01
9.375958108632612209e+01
9.371959597101913175e+01
9.378664547829951914e+01
9.400213741697612591e+01
9.402898175558667049e+01
9.332654776991148537e+01
9.386888022546628463e+01
9.310294381575701550e+01
9.335670338474348284e+01
9.315128560263801205e+01
9.276495183779034903e+01
9.321231961012256306e+01
9.274029782571908243e+01
9.225018234747660983e+01
9.158596309302929228e+01
9.172384044161059080e+01
9.160507751241313201e+01
9.208435728565737577e+01
9.224176760161957134e+01
9.182191392040624578e+01
9.136593686639577072e+01
9.175830151270618273e+01
9.173791874074628083e+01
9.200494686970765201e+01
9.185290116358721946e+01
9.258216620674512853e+01
9.192022097071081532e+01
9.252909940611685613e+01
9.191026919478709090e+01
