# abs offset [arcsec]
1.625403587238005230e+02
1.633925309518801328e+02
1.635315495352085691e+02
1.643416031223658536e+02
1.659979047373924175e+02
1.666786851105788969e+02
1.681030572974430868e+02
1.687417531731905740e+02
1.702046589713035587e+02
1.715920736616727993e+02
1.726575840598584080e+02
1.736492525880693449e+02
1.756291465704999268e+02
1.761067392772807239e+02
1.785259589115136407e+02
1.786741193977712499e+02
1.805240064822657189e+02
1.821940596007131319e+02
1.831068606718164915e+02
1.837744019262209179e+02
1.852882099159338054e+02
1.857100894792410770e+02
1.886954011571345404e+02
1.884973361641513350e+02
1.898762068781096275e+02
1.908032250597881898e+02
1.922979784298764230e+02
1.939949033446077351e+02
1.944797812984522238e+02
1.958608071370100845e+02
1.982491172346069277e+02
1.998208420219296784e+02
2.008396743130426501e+02
2.027451578971203219e+02
2.043839567805853221e+02
2.053812294367927791e+02
2.075964506646456300e+02
2.090635702999822456e+02
2.097701963904592617e+02
2.113168282038106156e+02
2.137732702353030163e+02
2.153303375068456660e+02
2.167159485336974285e+02
2.192253582563388363e+02
2.207679986713487210e+02
2.221574772630211783e+02
2.238367338809274543e+02
2.272681263828909266e+02
2.288390454010135784e+02
2.302068927237231719e+02
2.306797663901459714e+02
2.330582551064169650e+02
2.349995890190889156e+02
2.362733211960180313e+02
2.386049524596724325e+02
2.402150226350750302e+02
2.422035309343839344e+02
2.433341764612144402e+02
2.459037806137354494e+02
2.465150049550767619e+02
2.491290713542831838e+02
2.502045985606889076e+02
2.527500420347735144e+02
2.546745877149163277e+02
2.571291517171738406e+02
2.577988926430114134e+02
2.594868511408132576e+02
2.611229452769991326e+02
2.629351898094625426e+02
2.644993390550991421e+02
2.661522565935139255e+02
2.677283160959722181e+02
2.691207336482345340e+02
2.711398278688694177e+02
2.728593499644904909e+02
2.742134986969046508e+02
2.754801983836580916e+02
2.772155258619255846e+02
2.792361341783832245e+02
2.811127959156931411e+02
2.820675406242314693e+02
2.829903137958896195e+02
2.849151557329863635e+02
2.857702486182261623e+02
2.871264791905034031e+02
2.877324841630708647e+02
2.890028841980679317e+02
2.903685374783094630e+02
2.903981180592093096e+02
2.921066367908509847e+02
2.931410294139160442e+02
2.932156706557605048e+02
2.945701183946468404e+02
2.949179618538317982e+02
2.956247899788809264e+02
2.951869997157757552e+02
2.955378313272574360e+02
2.963139673861486472e+02
2.972192246795577830e+02
2.965625991209067251e+02
2.969158183079135256e+02
2.960601186650233672e+02
2.959201713047078783e+02
2.955925431970543968e+02
2.957671807953209395e+02
2.952573352645982823e+02
2.942242786336727249e+02
2.955754326962835989e+02
2.936693555855833893e+02
2.864667818318472428e+02
2.815261098077167503e+02
2.880543710920822491e+02
3.290235019726576979e+02
