# abs offset [arcsec]
2.996338684867449729e+02
2.596748285200970940e+02
2.429059889969273058e+02
2.448420159441322994e+02
2.560065383490189674e+02
2.587318742170803034e+02
2.588941093139074496e+02
2.581836393289189573e+02
2.597688112273734760e+02
2.607218049659257986e+02
2.613094936189892792e+02
2.628751585504084005e+02
2.625589211255229998e+02
2.637244262992450672e+02
2.642754921917770616e+02
2.647309852159002617e+02
2.642330633060334435e+02
2.644160525048351928e+02
2.637332711481245155e+02
2.648400421740125807e+02
2.647096471198325389e+02
2.653590175089782406e+02
2.650619188940480058e+02
2.631585590300097124e+02
2.636981141570128102e+02
2.631864597563639450e+02
2.626146051961127910e+02
2.611213426872155878e+02
2.607948783360801031e+02
2.609258491045317214e+02
2.598488905217727734e+02
2.589212797047774188e+02
2.587058009844093931e+02
2.572388028455226845e+02
2.564772811402229422e+02
2.553099100610720313e+02
2.546403164835253676e+02
2.536526084850288782e+02
2.529596446257073126e+02
2.517379954653852110e+02
2.500050980912174907e+02
2.488672655600712744e+02
2.472969747994518457e+02
2.456344663609380063e+02
2.453785925796456695e+02
2.433145839352768007e+02
2.424859683188587383e+02
2.408559626086960463e+02
2.405273970584494805e+02
2.385172724099540744e+02
2.366938586906484545e+02
2.366171403007609229e+02
2.351519253119114978e+02
2.330264011775286122e+02
2.315188227861857797e+02
2.303371680252627414e+02
2.293080308044251012e+02
2.273123575267864851e+02
2.250920116287220765e+02
2.232780157254830158e+02
2.219224355059562299e+02
2.203466374272604753e+02
2.186265606857830335e+02
2.170029325367950150e+02
2.159280376871716385e+02
2.139062654875559133e+02
2.130386978377983951e+02
2.115970094740675904e+02
2.105640473632039402e+02
2.091317453153024246e+02
2.077681620432950069e+02
2.059707613054776516e+02
2.048833733045422605e+02
2.032362812551331501e+02
2.020248461111427503e+02
2.006940911851251883e+02
1.988224011963951057e+02
1.971541739848571240e+02
1.956024527359965361e+02
1.947659016184410916e+02
1.928659327686533231e+02
1.917615083621675467e+02
1.906526545795478285e+02
1.886751263188264147e+02
1.871588343558848351e+02
1.862788231820573515e+02
1.851557645311613669e+02
1.838010047672891574e+02
1.820021489362152920e+02
1.816156775193226451e+02
1.805979202898967912e+02
1.793092568201256540e+02
1.784385998596292495e+02
1.765343881466441474e+02
1.748627871801072615e+02
1.741487571083794705e+02
1.733745635292807492e+02
1.725475806274939430e+02
1.709081362878615096e+02
1.694576856750229581e+02
1.683525363218624022e+02
1.671422037840849555e+02
1.658650650202616532e+02
1.649642160322092366e+02
1.643488295112077253e+02
1.627725796016134154e+02
1.621053270745132693e+02
1.609136783224151088e+02
1.599948129887233108e+02
1.588584959849478935e+02
1.579851034125438787e+02
1.572355112308513299e+02
1.561097477147776544e+02
1.549633519143404214e+02
1.541571066126843164e+02
1.532128854473860713e+02
1.524486297795967573e+02
1.514226773064117140e+02
1.503973421600839799e+02
1.494019161670960045e+02
1.487485963613805211e+02
1.475394549750911892e+02
1.473976693997570067e+02
1.461113982822216997e+02
1.453834217731668446e+02
1.449131108441540334e+02
1.440227289272067708e+02
