#   Ephemerides
#   -----------
#   Created    : Jan 09 2026 18:57:26.485000000
#
#   Object     : INTASAT
#
#
#   Epoch          RA           DE           VRA       VDE      AZI         ELE
#    mjd           rad          rad             arcs/sec        deg         deg
#
61049.73472222  0.191743890  0.636551679  000.0000  000.0000  237.380232   23.980190
61049.73475694  0.190857589  0.639198601  000.0000  000.0000  237.845513   24.123643
61049.73479167  0.189967785  0.641845166  000.0000  000.0000  238.314351   24.265549
61049.73482639  0.189074445  0.644491370  000.0000  000.0000  238.786733   24.405859
61049.73486111  0.188177535  0.647137209  000.0000  000.0000  239.262646   24.544526
61049.73489583  0.187277022  0.649782679  000.0000  000.0000  239.742073   24.681500
61049.73493056  0.186372872  0.652427776  000.0000  000.0000  240.224998   24.816733
61049.73496528  0.185465051  0.655072497  000.0000  000.0000  240.711400   24.950176
61049.73500000  0.184553525  0.657716838  000.0000  000.0000  241.201258   25.081779
61049.73503472  0.183638258  0.660360794  000.0000  000.0000  241.694546   25.211492
61049.73506944  0.182719215  0.663004363  000.0000  000.0000  242.191240   25.339266
61049.73510417  0.181796360  0.665647539  000.0000  000.0000  242.691309   25.465051
61049.73513889  0.180869657  0.668290320  000.0000  000.0000  243.194725   25.588797
61049.73517361  0.179939070  0.670932700  000.0000  000.0000  243.701452   25.710454
61049.73520833  0.179004562  0.673574676  000.0000  000.0000  244.211457   25.829973
61049.73524306  0.178066096  0.676216243  000.0000  000.0000  244.724700   25.947305
61049.73527778  0.177123633  0.678857398  000.0000  000.0000  245.241142   26.062398
61049.73531250  0.176177136  0.681498136  000.0000  000.0000  245.760741   26.175205
61049.73534722  0.175226566  0.684138452  000.0000  000.0000  246.283451   26.285677
61049.73538194  0.174271884  0.686778343  000.0000  000.0000  246.809224   26.393765
61049.73541667  0.173313051  0.689417804  000.0000  000.0000  247.338011   26.499420
61049.73545139  0.172350027  0.692056830  000.0000  000.0000  247.869759   26.602595
61049.73548611  0.171382772  0.694695418  000.0000  000.0000  248.404413   26.703243
61049.73552083  0.170411244  0.697333561  000.0000  000.0000  248.941916   26.801317
61049.73555556  0.169435404  0.699971257  000.0000  000.0000  249.482208   26.896771
61049.73559028  0.168455208  0.702608500  000.0000  000.0000  250.025227   26.989560
61049.73562500  0.167470615  0.705245285  000.0000  000.0000  250.570908   27.079639
61049.73565972  0.166481583  0.707881608  000.0000  000.0000  251.119184   27.166965
61049.73569444  0.165488068  0.710517463  000.0000  000.0000  251.669985   27.251495
61049.73572917  0.164490027  0.713152847  000.0000  000.0000  252.223239   27.333187
61049.73576389  0.163487415  0.715787754  000.0000  000.0000  252.778872   27.411999
61049.73579861  0.162480189  0.718422178  000.0000  000.0000  253.336808   27.487893
61049.73583333  0.161468302  0.721056116  000.0000  000.0000  253.896968   27.560829
61049.73586806  0.160451710  0.723689561  000.0000  000.0000  254.459270   27.630771
61049.73590278  0.159430366  0.726322509  000.0000  000.0000  255.023632   27.697681
61049.73593750  0.158404224  0.728954955  000.0000  000.0000  255.589967   27.761525
61049.73597222  0.157373236  0.731586893  000.0000  000.0000  256.158190   27.822270
61049.73600694  0.156337354  0.734218317  000.0000  000.0000  256.728211   27.879882
61049.73604167  0.155296531  0.736849223  000.0000  000.0000  257.299938   27.934332
61049.73607639  0.154250717  0.739479604  000.0000  000.0000  257.873279   27.985591
61049.73611111  0.153199863  0.742109456  000.0000  000.0000  258.448139   28.033630
61049.73614583  0.152143919  0.744738772  000.0000  000.0000  259.024421   28.078424
61049.73618056  0.151082834  0.747367548  000.0000  000.0000  259.602029   28.119948
61049.73621528  0.150016557  0.749995777  000.0000  000.0000  260.180862   28.158180
61049.73625000  0.148945036  0.752623452  000.0000  000.0000  260.760820   28.193099
61049.73628472  0.147868218  0.755250570  000.0000  000.0000  261.341801   28.224685
61049.73631944  0.146786051  0.757877123  000.0000  000.0000  261.923702   28.252922
61049.73635417  0.145698481  0.760503105  000.0000  000.0000  262.506420   28.277794
61049.73638889  0.144605452  0.763128511  000.0000  000.0000  263.089849   28.299288
61049.73642361  0.143506911  0.765753333  000.0000  000.0000  263.673884   28.317391
61049.73645833  0.142402802  0.768377567  000.0000  000.0000  264.258417   28.332094
61049.73649306  0.141293067  0.771001204  000.0000  000.0000  264.843343   28.343389
61049.73652778  0.140177650  0.773624240  000.0000  000.0000  265.428554   28.351270
61049.73656250  0.139056494  0.776246668  000.0000  000.0000  266.013942   28.355734
61049.73659722  0.137929539  0.778868480  000.0000  000.0000  266.599400   28.356777
61049.73663194  0.136796726  0.781489670  000.0000  000.0000  267.184818   28.354401
61049.73666667  0.135657995  0.784110232  000.0000  000.0000  267.770091   28.348607
61049.73670139  0.134513286  0.786730158  000.0000  000.0000  268.355109   28.339399
61049.73673611  0.133362537  0.789349442  000.0000  000.0000  268.939766   28.326783
61049.73677083  0.132205687  0.791968076  000.0000  000.0000  269.523955   28.310766
61049.73680556  0.131042670  0.794586054  000.0000  000.0000  270.107568   28.291359
61049.73684028  0.129873425  0.797203368  000.0000  000.0000  270.690502   28.268573
61049.73687500  0.128697887  0.799820011  000.0000  000.0000  271.272649   28.242421
61049.73690972  0.127515989  0.802435976  000.0000  000.0000  271.853908   28.212919
61049.73694444  0.126327665  0.805051254  000.0000  000.0000  272.434174   28.180085
61049.73697917  0.125132850  0.807665839  000.0000  000.0000  273.013346   28.143936
61049.73701389  0.123931473  0.810279722  000.0000  000.0000  273.591323   28.104495
61049.73704861  0.122723468  0.812892896  000.0000  000.0000  274.168006   28.061784
61049.73708333  0.121508763  0.815505354  000.0000  000.0000  274.743297   28.015826
61049.73711806  0.120287289  0.818117086  000.0000  000.0000  275.317100   27.966648
61049.73715278  0.119058973  0.820728085  000.0000  000.0000  275.889320   27.914278
61049.73718750  0.117823744  0.823338343  000.0000  000.0000  276.459865   27.858744
61049.73722222  0.116581528  0.825947850  000.0000  000.0000  277.028642   27.800077
61049.73725694  0.115332250  0.828556600  000.0000  000.0000  277.595564   27.738309
61049.73729167  0.114075835  0.831164583  000.0000  000.0000  278.160542   27.673474
61049.73732639  0.112812207  0.833771790  000.0000  000.0000  278.723492   27.605606
61049.73736111  0.111541288  0.836378214  000.0000  000.0000  279.284330   27.534742
61049.73739583  0.110263001  0.838983843  000.0000  000.0000  279.842975   27.460919
61049.73743056  0.108977265  0.841588671  000.0000  000.0000  280.399348   27.384176
61049.73746528  0.107684000  0.844192688  000.0000  000.0000  280.953374   27.304552
61049.73750000  0.106383125  0.846795883  000.0000  000.0000  281.504977   27.222088
61049.73753472  0.105074558  0.849398249  000.0000  000.0000  282.054086   27.136826
61049.73756944  0.103758213  0.851999774  000.0000  000.0000  282.600631   27.048809
61049.73760417  0.102434007  0.854600451  000.0000  000.0000  283.144545   26.958081
61049.73763889  0.101101854  0.857200268  000.0000  000.0000  283.685763   26.864685
61049.73767361  0.099761666  0.859799216  000.0000  000.0000  284.224223   26.768667
61049.73770833  0.098413355  0.862397285  000.0000  000.0000  284.759865   26.670073
61049.73774306  0.097056831  0.864994464  000.0000  000.0000  285.292632   26.568949
61049.73777778  0.095692005  0.867590744  000.0000  000.0000  285.822469   26.465343
61049.73781250  0.094318783  0.870186113  000.0000  000.0000  286.349324   26.359302
61049.73784722  0.092937073  0.872780561  000.0000  000.0000  286.873145   26.250875
61049.73788194  0.091546779  0.875374076  000.0000  000.0000  287.393887   26.140109
61049.73791667  0.090147807  0.877966649  000.0000  000.0000  287.911504   26.027054
61049.73795139  0.088740058  0.880558268  000.0000  000.0000  288.425953   25.911758
61049.73798611  0.087323435  0.883148921  000.0000  000.0000  288.937194   25.794272
61049.73802083  0.085897838  0.885738598  000.0000  000.0000  289.445190   25.674644
61049.73805556  0.084463165  0.888327286  000.0000  000.0000  289.949904   25.552925
61049.73809028  0.083019313  0.890914973  000.0000  000.0000  290.451304   25.429163
61049.73812500  0.081566179  0.893501648  000.0000  000.0000  290.949359   25.303409
61049.73815972  0.080103656  0.896087298  000.0000  000.0000  291.444040   25.175713
61049.73819444  0.078631639  0.898671912  000.0000  000.0000  291.935321   25.046123
61049.73822917  0.077150017  0.901255476  000.0000  000.0000  292.423178   24.914690
61049.73826389  0.075658681  0.903837977  000.0000  000.0000  292.907589   24.781463
61049.73829861  0.074157519  0.906419404  000.0000  000.0000  293.388534   24.646491
61049.73833333  0.072646418  0.908999743  000.0000  000.0000  293.865995   24.509823
61049.73836806  0.071125263  0.911578980  000.0000  000.0000  294.339957   24.371507
61049.73840278  0.069593937  0.914157102  000.0000  000.0000  294.810406   24.231592
61049.73843750  0.068052323  0.916734095  000.0000  000.0000  295.277330   24.090126
61049.73847222  0.066500299  0.919309945  000.0000  000.0000  295.740719   23.947156
61049.73850694  0.064937744  0.921884639  000.0000  000.0000  296.200565   23.802729
61049.73854167  0.063364535  0.924458162  000.0000  000.0000  296.656861   23.656891
61049.73857639  0.061780546  0.927030499  000.0000  000.0000  297.109603   23.509690
61049.73861111  0.060185651  0.929601635  000.0000  000.0000  297.558788   23.361171
61049.73864583  0.058579720  0.932171557  000.0000  000.0000  298.004414   23.211379
61049.73868056  0.056962622  0.934740247  000.0000  000.0000  298.446482   23.060358
61049.73871528  0.055334224  0.937307691  000.0000  000.0000  298.884994   22.908152
61049.73875000  0.053694393  0.939873873  000.0000  000.0000  299.319952   22.754805
61049.73878472  0.052042990  0.942438777  000.0000  000.0000  299.751361   22.600360
61049.73881944  0.050379877  0.945002387  000.0000  000.0000  300.179228   22.444858
61049.73885417  0.048704914  0.947564687  000.0000  000.0000  300.603559   22.288342
61049.73888889  0.047017956  0.950125659  000.0000  000.0000  301.024363   22.130852
61049.73892361  0.045318860  0.952685286  000.0000  000.0000  301.441650   21.972428
61049.73895833  0.043607477  0.955243552  000.0000  000.0000  301.855430   21.813111
61049.73899306  0.041883658  0.957800439  000.0000  000.0000  302.265716   21.652937
61049.73902778  0.040147252  0.960355928  000.0000  000.0000  302.672521   21.491947
61049.73906250  0.038398103  0.962910002  000.0000  000.0000  303.075858   21.330176
61049.73909722  0.036636057  0.965462643  000.0000  000.0000  303.475744   21.167663
61049.73913194  0.034860953  0.968013831  000.0000  000.0000  303.872192   21.004442
61049.73916667  0.033072631  0.970563548  000.0000  000.0000  304.265222   20.840549
61049.73920139  0.031270926  0.973111774  000.0000  000.0000  304.654849   20.676019
61049.73923611  0.029455673  0.975658490  000.0000  000.0000  305.041093   20.510885
61049.73927083  0.027626703  0.978203675  000.0000  000.0000  305.423972   20.345181
61049.73930556  0.025783844  0.980747310  000.0000  000.0000  305.803508   20.178938
61049.73934028  0.023926922  0.983289373  000.0000  000.0000  306.179719   20.012189
