       0.000000000       0.000000000       4.143066632       0.418533279    31050.235150463  99  7531   AzEl         1       1       1       1
       0.000000000       0.000000000       4.151187321       0.421037005    31050.235185185  99  7531   AzEl         1       1       1       1
       0.000000000       0.000000000       4.159370080       0.423513726    31050.235219907  99  7531   AzEl         1       1       1       1
       0.000000000       0.000000000       4.167614702       0.425962603    31050.235254630  99  7531   AzEl         1       1       1       1
       0.000000000       0.000000000       4.175920946       0.428382793    31050.235289352  99  7531   AzEl         1       1       1       1
       0.000000000       0.000000000       4.184288537       0.430773447    31050.235324074  99  7531   AzEl         1       1       1       1
       0.000000000       0.000000000       4.192717165       0.433133709    31050.235358796  99  7531   AzEl         1       1       1       1
       0.000000000       0.000000000       4.201206483       0.435462721    31050.235393519  99  7531   AzEl         1       1       1       1
       0.000000000       0.000000000       4.209756107       0.437759621    31050.235428241  99  7531   AzEl         1       1       1       1
       0.000000000       0.000000000       4.218365617       0.440023542    31050.235462963  99  7531   AzEl         1       1       1       1
       0.000000000       0.000000000       4.227034552       0.442253618    31050.235497685  99  7531   AzEl         1       1       1       1
       0.000000000       0.000000000       4.235762416       0.444448979    31050.235532407  99  7531   AzEl         1       1       1       1
       0.000000000       0.000000000       4.244548669       0.446608756    31050.235567130  99  7531   AzEl         1       1       1       1
       0.000000000       0.000000000       4.253392733       0.448732079    31050.235601852  99  7531   AzEl         1       1       1       1
       0.000000000       0.000000000       4.262293990       0.450818081    31050.235636574  99  7531   AzEl         1       1       1       1
       0.000000000       0.000000000       4.271251779       0.452865896    31050.235671296  99  7531   AzEl         1       1       1       1
       0.000000000       0.000000000       4.280265398       0.454874661    31050.235706019  99  7531   AzEl         1       1       1       1
       0.000000000       0.000000000       4.289334102       0.456843517    31050.235740741  99  7531   AzEl         1       1       1       1
       0.000000000       0.000000000       4.298457106       0.458771611    31050.235775463  99  7531   AzEl         1       1       1       1
       0.000000000       0.000000000       4.307633579       0.460658093    31050.235810185  99  7531   AzEl         1       1       1       1
       0.000000000       0.000000000       4.316862650       0.462502125    31050.235844907  99  7531   AzEl         1       1       1       1
       0.000000000       0.000000000       4.326143404       0.464302871    31050.235879630  99  7531   AzEl         1       1       1       1
       0.000000000       0.000000000       4.335474881       0.466059509    31050.235914352  99  7531   AzEl         1       1       1       1
       0.000000000       0.000000000       4.344856080       0.467771224    31050.235949074  99  7531   AzEl         1       1       1       1
       0.000000000       0.000000000       4.354285957       0.469437214    31050.235983796  99  7531   AzEl         1       1       1       1
       0.000000000       0.000000000       4.363763425       0.471056688    31050.236018519  99  7531   AzEl         1       1       1       1
       0.000000000       0.000000000       4.373287353       0.472628869    31050.236053241  99  7531   AzEl         1       1       1       1
       0.000000000       0.000000000       4.382856569       0.474152994    31050.236087963  99  7531   AzEl         1       1       1       1
       0.000000000       0.000000000       4.392469860       0.475628315    31050.236122685  99  7531   AzEl         1       1       1       1
       0.000000000       0.000000000       4.402125969       0.477054102    31050.236157407  99  7531   AzEl         1       1       1       1
       0.000000000       0.000000000       4.411823600       0.478429641    31050.236192130  99  7531   AzEl         1       1       1       1
       0.000000000       0.000000000       4.421561418       0.479754238    31050.236226852  99  7531   AzEl         1       1       1       1
       0.000000000       0.000000000       4.431338046       0.481027217    31050.236261574  99  7531   AzEl         1       1       1       1
       0.000000000       0.000000000       4.441152071       0.482247925    31050.236296296  99  7531   AzEl         1       1       1       1
       0.000000000       0.000000000       4.451002040       0.483415729    31050.236331019  99  7531   AzEl         1       1       1       1
       0.000000000       0.000000000       4.460886467       0.484530019    31050.236365741  99  7531   AzEl         1       1       1       1
       0.000000000       0.000000000       4.470803826       0.485590210    31050.236400463  99  7531   AzEl         1       1       1       1
       0.000000000       0.000000000       4.480752562       0.486595740    31050.236435185  99  7531   AzEl         1       1       1       1
       0.000000000       0.000000000       4.490731083       0.487546073    31050.236469907  99  7531   AzEl         1       1       1       1
       0.000000000       0.000000000       4.500737768       0.488440701    31050.236504630  99  7531   AzEl         1       1       1       1
       0.000000000       0.000000000       4.510770965       0.489279141    31050.236539352  99  7531   AzEl         1       1       1       1
       0.000000000       0.000000000       4.520828992       0.490060941    31050.236574074  99  7531   AzEl         1       1       1       1
       0.000000000       0.000000000       4.530910143       0.490785675    31050.236608796  99  7531   AzEl         1       1       1       1
       0.000000000       0.000000000       4.541012686       0.491452949    31050.236643519  99  7531   AzEl         1       1       1       1
       0.000000000       0.000000000       4.551134864       0.492062398    31050.236678241  99  7531   AzEl         1       1       1       1
       0.000000000       0.000000000       4.561274900       0.492613688    31050.236712963  99  7531   AzEl         1       1       1       1
       0.000000000       0.000000000       4.571430997       0.493106518    31050.236747685  99  7531   AzEl         1       1       1       1
       0.000000000       0.000000000       4.581601338       0.493540617    31050.236782407  99  7531   AzEl         1       1       1       1
       0.000000000       0.000000000       4.591784094       0.493915749    31050.236817130  99  7531   AzEl         1       1       1       1
       0.000000000       0.000000000       4.601977419       0.494231708    31050.236851852  99  7531   AzEl         1       1       1       1
       0.000000000       0.000000000       4.612179457       0.494488325    31050.236886574  99  7531   AzEl         1       1       1       1
       0.000000000       0.000000000       4.622388341       0.494685462    31050.236921296  99  7531   AzEl         1       1       1       1
       0.000000000       0.000000000       4.632602197       0.494823016    31050.236956019  99  7531   AzEl         1       1       1       1
       0.000000000       0.000000000       4.642819147       0.494900918    31050.236990741  99  7531   AzEl         1       1       1       1
       0.000000000       0.000000000       4.653037307       0.494919132    31050.237025463  99  7531   AzEl         1       1       1       1
       0.000000000       0.000000000       4.663254794       0.494877659    31050.237060185  99  7531   AzEl         1       1       1       1
       0.000000000       0.000000000       4.673469725       0.494776533    31050.237094907  99  7531   AzEl         1       1       1       1
       0.000000000       0.000000000       4.683680222       0.494615821    31050.237129630  99  7531   AzEl         1       1       1       1
       0.000000000       0.000000000       4.693884409       0.494395625    31050.237164352  99  7531   AzEl         1       1       1       1
       0.000000000       0.000000000       4.704080422       0.494116082    31050.237199074  99  7531   AzEl         1       1       1       1
       0.000000000       0.000000000       4.714266402       0.493777362    31050.237233796  99  7531   AzEl         1       1       1       1
       0.000000000       0.000000000       4.724440506       0.493379667    31050.237268519  99  7531   AzEl         1       1       1       1
       0.000000000       0.000000000       4.734600903       0.492923234    31050.237303241  99  7531   AzEl         1       1       1       1
       0.000000000       0.000000000       4.744745777       0.492408332    31050.237337963  99  7531   AzEl         1       1       1       1
       0.000000000       0.000000000       4.754873331       0.491835262    31050.237372685  99  7531   AzEl         1       1       1       1
       0.000000000       0.000000000       4.764981788       0.491204355    31050.237407407  99  7531   AzEl         1       1       1       1
       0.000000000       0.000000000       4.775069391       0.490515976    31050.237442130  99  7531   AzEl         1       1       1       1
       0.000000000       0.000000000       4.785134408       0.489770519    31050.237476852  99  7531   AzEl         1       1       1       1
       0.000000000       0.000000000       4.795175133       0.488968406    31050.237511574  99  7531   AzEl         1       1       1       1
       0.000000000       0.000000000       4.805189885       0.488110091    31050.237546296  99  7531   AzEl         1       1       1       1
       0.000000000       0.000000000       4.815177011       0.487196053    31050.237581019  99  7531   AzEl         1       1       1       1
       0.000000000       0.000000000       4.825134891       0.486226801    31050.237615741  99  7531   AzEl         1       1       1       1
       0.000000000       0.000000000       4.835061933       0.485202870    31050.237650463  99  7531   AzEl         1       1       1       1
       0.000000000       0.000000000       4.844956581       0.484124818    31050.237685185  99  7531   AzEl         1       1       1       1
       0.000000000       0.000000000       4.854817311       0.482993230    31050.237719907  99  7531   AzEl         1       1       1       1
       0.000000000       0.000000000       4.864642636       0.481808716    31050.237754630  99  7531   AzEl         1       1       1       1
       0.000000000       0.000000000       4.874431104       0.480571906    31050.237789352  99  7531   AzEl         1       1       1       1
       0.000000000       0.000000000       4.884181300       0.479283452    31050.237824074  99  7531   AzEl         1       1       1       1
       0.000000000       0.000000000       4.893891851       0.477944030    31050.237858796  99  7531   AzEl         1       1       1       1
       0.000000000       0.000000000       4.903561419       0.476554330    31050.237893519  99  7531   AzEl         1       1       1       1
       0.000000000       0.000000000       4.913188708       0.475115067    31050.237928241  99  7531   AzEl         1       1       1       1
       0.000000000       0.000000000       4.922772464       0.473626968    31050.237962963  99  7531   AzEl         1       1       1       1
       0.000000000       0.000000000       4.932311472       0.472090781    31050.237997685  99  7531   AzEl         1       1       1       1
       0.000000000       0.000000000       4.941804561       0.470507266    31050.238032407  99  7531   AzEl         1       1       1       1
       0.000000000       0.000000000       4.951250600       0.468877199    31050.238067130  99  7531   AzEl         1       1       1       1
       0.000000000       0.000000000       4.960648503       0.467201370    31050.238101852  99  7531   AzEl         1       1       1       1
       0.000000000       0.000000000       4.969997224       0.465480579    31050.238136574  99  7531   AzEl         1       1       1       1
       0.000000000       0.000000000       4.979295764       0.463715639    31050.238171296  99  7531   AzEl         1       1       1       1
       0.000000000       0.000000000       4.988543163       0.461907372    31050.238206019  99  7531   AzEl         1       1       1       1
       0.000000000       0.000000000       4.997738507       0.460056610    31050.238240741  99  7531   AzEl         1       1       1       1
       0.000000000       0.000000000       5.006880923       0.458164192    31050.238275463  99  7531   AzEl         1       1       1       1
       0.000000000       0.000000000       5.015969583       0.456230964    31050.238310185  99  7531   AzEl         1       1       1       1
       0.000000000       0.000000000       5.025003700       0.454257780    31050.238344907  99  7531   AzEl         1       1       1       1
       0.000000000       0.000000000       5.033982530       0.452245495    31050.238379630  99  7531   AzEl         1       1       1       1
       0.000000000       0.000000000       5.042905371       0.450194972    31050.238414352  99  7531   AzEl         1       1       1       1
       0.000000000       0.000000000       5.051771563       0.448107074    31050.238449074  99  7531   AzEl         1       1       1       1
       0.000000000       0.000000000       5.060580488       0.445982668    31050.238483796  99  7531   AzEl         1       1       1       1
       0.000000000       0.000000000       5.069331567       0.443822622    31050.238518519  99  7531   AzEl         1       1       1       1
       0.000000000       0.000000000       5.078024263       0.441627804    31050.238553241  99  7531   AzEl         1       1       1       1
       0.000000000       0.000000000       5.086658077       0.439399081    31050.238587963  99  7531   AzEl         1       1       1       1
       0.000000000       0.000000000       5.095232550       0.437137318    31050.238622685  99  7531   AzEl         1       1       1       1
       0.000000000       0.000000000       5.103747262       0.434843381    31050.238657407  99  7531   AzEl         1       1       1       1
       0.000000000       0.000000000       5.112201829       0.432518130    31050.238692130  99  7531   AzEl         1       1       1       1
       0.000000000       0.000000000       5.120595905       0.430162422    31050.238726852  99  7531   AzEl         1       1       1       1
       0.000000000       0.000000000       5.128929179       0.427777112    31050.238761574  99  7531   AzEl         1       1       1       1
       0.000000000       0.000000000       5.137201378       0.425363046    31050.238796296  99  7531   AzEl         1       1       1       1
       0.000000000       0.000000000       5.145412259       0.422921067    31050.238831019  99  7531   AzEl         1       1       1       1
       0.000000000       0.000000000       5.153561617       0.420452012    31050.238865741  99  7531   AzEl         1       1       1       1
       0.000000000       0.000000000       5.161649278       0.417956710    31050.238900463  99  7531   AzEl         1       1       1       1
       0.000000000       0.000000000       5.169675099       0.415435983    31050.238935185  99  7531   AzEl         1       1       1       1
       0.000000000       0.000000000       5.177638969       0.412890646    31050.238969907  99  7531   AzEl         1       1       1       1
       0.000000000       0.000000000       5.185540807       0.410321503    31050.239004630  99  7531   AzEl         1       1       1       1
       0.000000000       0.000000000       5.193380562       0.407729352    31050.239039352  99  7531   AzEl         1       1       1       1
       0.000000000       0.000000000       5.201158208       0.405114980    31050.239074074  99  7531   AzEl         1       1       1       1
       0.000000000       0.000000000       5.208873752       0.402479165    31050.239108796  99  7531   AzEl         1       1       1       1
       0.000000000       0.000000000       5.216527222       0.399822676    31050.239143519  99  7531   AzEl         1       1       1       1
       0.000000000       0.000000000       5.224118674       0.397146269    31050.239178241  99  7531   AzEl         1       1       1       1
       0.000000000       0.000000000       5.231648188       0.394450692    31050.239212963  99  7531   AzEl         1       1       1       1
       0.000000000       0.000000000       5.239115870       0.391736680    31050.239247685  99  7531   AzEl         1       1       1       1
       0.000000000       0.000000000       5.246521845       0.389004957    31050.239282407  99  7531   AzEl         1       1       1       1
       0.000000000       0.000000000       5.253866262       0.386256237    31050.239317130  99  7531   AzEl         1       1       1       1
       0.000000000       0.000000000       5.261149291       0.383491222    31050.239351852  99  7531   AzEl         1       1       1       1
       0.000000000       0.000000000       5.268371123       0.380710599    31050.239386574  99  7531   AzEl         1       1       1       1
       0.000000000       0.000000000       5.275531965       0.377915048    31050.239421296  99  7531   AzEl         1       1       1       1
       0.000000000       0.000000000       5.282632047       0.375105232    31050.239456019  99  7531   AzEl         1       1       1       1
       0.000000000       0.000000000       5.289671613       0.372281805    31050.239490741  99  7531   AzEl         1       1       1       1
       0.000000000       0.000000000       5.296650926       0.369445407    31050.239525463  99  7531   AzEl         1       1       1       1
       0.000000000       0.000000000       5.303570263       0.366596666    31050.239560185  99  7531   AzEl         1       1       1       1
       0.000000000       0.000000000       5.310429918       0.363736198    31050.239594907  99  7531   AzEl         1       1       1       1
       0.000000000       0.000000000       5.317230198       0.360864605    31050.239629630  99  7531   AzEl         1       1       1       1
       0.000000000       0.000000000       5.323971426       0.357982477    31050.239664352  99  7531   AzEl         1       1       1       1
       0.000000000       0.000000000       5.330653934       0.355090392    31050.239699074  99  7531   AzEl         1       1       1       1
       0.000000000       0.000000000       5.337278070       0.352188914    31050.239733796  99  7531   AzEl         1       1       1       1
       0.000000000       0.000000000       5.343844192       0.349278596    31050.239768519  99  7531   AzEl         1       1       1       1
