       0.000000000       0.000000000       3.693027572       0.360341059    31045.161469907  99  45198   AzEl         1       1       1       1
       0.000000000       0.000000000       3.690443408       0.366860064    31045.161504630  99  45198   AzEl         1       1       1       1
       0.000000000       0.000000000       3.677244732       0.375494705    31045.161539352  99  45198   AzEl         1       1       1       1
       0.000000000       0.000000000       3.669817786       0.385594868    31045.161574074  99  45198   AzEl         1       1       1       1
       0.000000000       0.000000000       3.661284178       0.396611932    31045.161608796  99  45198   AzEl         1       1       1       1
       0.000000000       0.000000000       3.648529594       0.405355369    31045.161643519  99  45198   AzEl         1       1       1       1
       0.000000000       0.000000000       3.642489805       0.415308431    31045.161678241  99  45198   AzEl         1       1       1       1
       0.000000000       0.000000000       3.629872396       0.424173539    31045.161712963  99  45198   AzEl         1       1       1       1
       0.000000000       0.000000000       3.618260532       0.434832774    31045.161747685  99  45198   AzEl         1       1       1       1
       0.000000000       0.000000000       3.604344514       0.444317334    31045.161782407  99  45198   AzEl         1       1       1       1
       0.000000000       0.000000000       3.594868877       0.459953547    31045.161817130  99  45198   AzEl         1       1       1       1
       0.000000000       0.000000000       3.581013117       0.467020316    31045.161851852  99  45198   AzEl         1       1       1       1
       0.000000000       0.000000000       3.569275623       0.479347550    31045.161886574  99  45198   AzEl         1       1       1       1
       0.000000000       0.000000000       3.554633034       0.490807020    31045.161921296  99  45198   AzEl         1       1       1       1
       0.000000000       0.000000000       3.541344347       0.505457154    31045.161956019  99  45198   AzEl         1       1       1       1
       0.000000000       0.000000000       3.523238222       0.516723292    31045.161990741  99  45198   AzEl         1       1       1       1
       0.000000000       0.000000000       3.509977680       0.525270730    31045.162025463  99  45198   AzEl         1       1       1       1
       0.000000000       0.000000000       3.494393679       0.543067674    31045.162060185  99  45198   AzEl         1       1       1       1
       0.000000000       0.000000000       3.473291165       0.556619973    31045.162094907  99  45198   AzEl         1       1       1       1
       0.000000000       0.000000000       3.456735977       0.570231111    31045.162129630  99  45198   AzEl         1       1       1       1
       0.000000000       0.000000000       3.435314486       0.581278687    31045.162164352  99  45198   AzEl         1       1       1       1
       0.000000000       0.000000000       3.416278733       0.599702058    31045.162199074  99  45198   AzEl         1       1       1       1
       0.000000000       0.000000000       3.391838255       0.612136974    31045.162233796  99  45198   AzEl         1       1       1       1
       0.000000000       0.000000000       3.368756677       0.625146389    31045.162268519  99  45198   AzEl         1       1       1       1
       0.000000000       0.000000000       3.342509257       0.639656696    31045.162303241  99  45198   AzEl         1       1       1       1
       0.000000000       0.000000000       3.318607967       0.655449708    31045.162337963  99  45198   AzEl         1       1       1       1
       0.000000000       0.000000000       3.292412229       0.670470206    31045.162372685  99  45198   AzEl         1       1       1       1
       0.000000000       0.000000000       3.265255278       0.682666357    31045.162407407  99  45198   AzEl         1       1       1       1
       0.000000000       0.000000000       3.231507918       0.697453185    31045.162442130  99  45198   AzEl         1       1       1       1
       0.000000000       0.000000000       3.200257478       0.711066099    31045.162476852  99  45198   AzEl         1       1       1       1
       0.000000000       0.000000000       3.168221321       0.724265517    31045.162511574  99  45198   AzEl         1       1       1       1
       0.000000000       0.000000000       3.129285859       0.733449277    31045.162546296  99  45198   AzEl         1       1       1       1
       0.000000000       0.000000000       3.094355009       0.751789472    31045.162581019  99  45198   AzEl         1       1       1       1
       0.000000000       0.000000000       3.055482215       0.765178795    31045.162615741  99  45198   AzEl         1       1       1       1
       0.000000000       0.000000000       3.017174900       0.777476847    31045.162650463  99  45198   AzEl         1       1       1       1
       0.000000000       0.000000000       2.969453324       0.784007908    31045.162685185  99  45198   AzEl         1       1       1       1
       0.000000000       0.000000000       2.927993665       0.796696780    31045.162719907  99  45198   AzEl         1       1       1       1
       0.000000000       0.000000000       2.886596482       0.806815494    31045.162754630  99  45198   AzEl         1       1       1       1
       0.000000000       0.000000000       2.832745033       0.815952084    31045.162789352  99  45198   AzEl         1       1       1       1
       0.000000000       0.000000000       2.784963869       0.822580208    31045.162824074  99  45198   AzEl         1       1       1       1
       0.000000000       0.000000000       2.733319310       0.829257433    31045.162858796  99  45198   AzEl         1       1       1       1
       0.000000000       0.000000000       2.678978990       0.837293993    31045.162893519  99  45198   AzEl         1       1       1       1
       0.000000000       0.000000000       2.629678822       0.839444069    31045.162928241  99  45198   AzEl         1       1       1       1
       0.000000000       0.000000000       2.574212509       0.844546240    31045.162962963  99  45198   AzEl         1       1       1       1
       0.000000000       0.000000000       2.521242348       0.839927180    31045.162997685  99  45198   AzEl         1       1       1       1
       0.000000000       0.000000000       2.468101086       0.838810242    31045.163032407  99  45198   AzEl         1       1       1       1
       0.000000000       0.000000000       2.416290366       0.839030187    31045.163067130  99  45198   AzEl         1       1       1       1
       0.000000000       0.000000000       2.364368888       0.832985297    31045.163101852  99  45198   AzEl         1       1       1       1
       0.000000000       0.000000000       2.311013286       0.827493373    31045.163136574  99  45198   AzEl         1       1       1       1
       0.000000000       0.000000000       2.260264222       0.825938819    31045.163171296  99  45198   AzEl         1       1       1       1
       0.000000000       0.000000000       2.214556592       0.816323877    31045.163206019  99  45198   AzEl         1       1       1       1
       0.000000000       0.000000000       2.164180614       0.804341339    31045.163240741  99  45198   AzEl         1       1       1       1
       0.000000000       0.000000000       2.120025708       0.791620859    31045.163275463  99  45198   AzEl         1       1       1       1
       0.000000000       0.000000000       2.075279414       0.782866771    31045.163310185  99  45198   AzEl         1       1       1       1
       0.000000000       0.000000000       2.035067404       0.769277330    31045.163344907  99  45198   AzEl         1       1       1       1
       0.000000000       0.000000000       1.992440588       0.759786788    31045.163379630  99  45198   AzEl         1       1       1       1
       0.000000000       0.000000000       1.953894636       0.746814873    31045.163414352  99  45198   AzEl         1       1       1       1
       0.000000000       0.000000000       1.916498185       0.735040399    31045.163449074  99  45198   AzEl         1       1       1       1
       0.000000000       0.000000000       1.884819843       0.721530773    31045.163483796  99  45198   AzEl         1       1       1       1
       0.000000000       0.000000000       1.850058064       0.705008445    31045.163518519  99  45198   AzEl         1       1       1       1
       0.000000000       0.000000000       1.822189886       0.691116793    31045.163553241  99  45198   AzEl         1       1       1       1
       0.000000000       0.000000000       1.790018079       0.674933778    31045.163587963  99  45198   AzEl         1       1       1       1
       0.000000000       0.000000000       1.759082565       0.664646175    31045.163622685  99  45198   AzEl         1       1       1       1
       0.000000000       0.000000000       1.734461237       0.647067622    31045.163657407  99  45198   AzEl         1       1       1       1
       0.000000000       0.000000000       1.707087220       0.635168235    31045.163692130  99  45198   AzEl         1       1       1       1
       0.000000000       0.000000000       1.684694608       0.619877586    31045.163726852  99  45198   AzEl         1       1       1       1
       0.000000000       0.000000000       1.662239076       0.604369598    31045.163761574  99  45198   AzEl         1       1       1       1
       0.000000000       0.000000000       1.643659639       0.590894772    31045.163796296  99  45198   AzEl         1       1       1       1
       0.000000000       0.000000000       1.619121626       0.577199379    31045.163831019  99  45198   AzEl         1       1       1       1
       0.000000000       0.000000000       1.604008867       0.563963816    31045.163865741  99  45198   AzEl         1       1       1       1
       0.000000000       0.000000000       1.582798895       0.549787676    31045.163900463  99  45198   AzEl         1       1       1       1
       0.000000000       0.000000000       1.565640871       0.538227162    31045.163935185  99  45198   AzEl         1       1       1       1
       0.000000000       0.000000000       1.543648379       0.528789231    31045.163969907  99  45198   AzEl         1       1       1       1
       0.000000000       0.000000000       1.531400615       0.510451486    31045.164004630  99  45198   AzEl         1       1       1       1
       0.000000000       0.000000000       1.514531178       0.504093396    31045.164039352  99  45198   AzEl         1       1       1       1
       0.000000000       0.000000000       1.501208553       0.490397300    31045.164074074  99  45198   AzEl         1       1       1       1
       0.000000000       0.000000000       1.487319670       0.480578079    31045.164108796  99  45198   AzEl         1       1       1       1
       0.000000000       0.000000000       1.474677732       0.465282462    31045.164143519  99  45198   AzEl         1       1       1       1
       0.000000000       0.000000000       1.464398577       0.458249508    31045.164178241  99  45198   AzEl         1       1       1       1
       0.000000000       0.000000000       1.448734742       0.444508625    31045.164212963  99  45198   AzEl         1       1       1       1
       0.000000000       0.000000000       1.439620562       0.432165261    31045.164247685  99  45198   AzEl         1       1       1       1
       0.000000000       0.000000000       1.426399719       0.425339563    31045.164282407  99  45198   AzEl         1       1       1       1
       0.000000000       0.000000000       1.414562753       0.413424884    31045.164317130  99  45198   AzEl         1       1       1       1
       0.000000000       0.000000000       1.406185324       0.400840187    31045.164351852  99  45198   AzEl         1       1       1       1
       0.000000000       0.000000000       1.398758132       0.392639806    31045.164386574  99  45198   AzEl         1       1       1       1
       0.000000000       0.000000000       1.391158650       0.383518151    31045.164421296  99  45198   AzEl         1       1       1       1
       0.000000000       0.000000000       1.381118279       0.373480594    31045.164456019  99  45198   AzEl         1       1       1       1
       0.000000000       0.000000000       1.370199782       0.365955434    31045.164490741  99  45198   AzEl         1       1       1       1
       0.000000000       0.000000000       1.364405209       0.358182247    31045.164525463  99  45198   AzEl         1       1       1       1
