# abs offset [arcsec]
9.030056646685730470e+01
9.030440621982478433e+01
9.006164623802897040e+01
8.964116382114320913e+01
8.948401667752641231e+01
8.917095830175732374e+01
8.909542212830578478e+01
8.860080732367681833e+01
8.808382802757772367e+01
8.824600681024726612e+01
8.814474481384834803e+01
8.766623014102007971e+01
8.712594760835852981e+01
8.676385729573983951e+01
8.648844722933600337e+01
8.622420696334968682e+01
8.632560136502611670e+01
8.628006482239999286e+01
8.561664491233729279e+01
8.489804419548259773e+01
8.520343585923434659e+01
8.513862746453936836e+01
8.474924747252744339e+01
8.438378591708810461e+01
8.395072120258238613e+01
8.417757530398120025e+01
8.387530831444198043e+01
8.371983474736381936e+01
8.298395723941929703e+01
8.224976815906721583e+01
