# abs offset [arcsec]
7.835534729101820517e+01
7.778892083438400107e+01
7.758204959964621139e+01
7.755865409041010139e+01
7.727827398781370505e+01
7.753730191342422984e+01
7.741544509236904048e+01
7.703184244010118675e+01
7.725237142955465686e+01
7.730697506077630976e+01
7.698181224397418987e+01
7.704927893040976983e+01
7.746367931710105381e+01
7.744123903999492597e+01
7.765829262985658943e+01
7.682494675742755419e+01
7.643877590993527349e+01
7.726049628046546047e+01
7.715469357793162430e+01
7.643607535300974121e+01
7.599512265418105983e+01
7.607384639105194424e+01
7.624550714678093755e+01
7.634246191823174854e+01
7.622550283885503575e+01
7.693952946455762287e+01
7.666027552040553417e+01
7.649564201560011156e+01
7.613916867373102093e+01
7.618619209985850205e+01
7.598727265701437261e+01
7.556202843892221210e+01
7.549590341748206868e+01
7.556464791669492342e+01
7.519855438734359154e+01
7.505045603327755543e+01
7.497621172560057801e+01
7.509949219961731615e+01
7.507613299959085396e+01
7.490854471900873079e+01
7.502464399378665405e+01
7.501332073407688483e+01
7.490772284398279623e+01
7.448641565080392013e+01
7.494808871044979526e+01
7.508511735211892812e+01
7.501491754899628006e+01
7.495181029950605023e+01
7.503503482095658228e+01
7.544209738217931260e+01
7.514173427147623840e+01
7.499014439622396822e+01
7.505858237725720983e+01
7.523232040046913482e+01
7.570636878848856099e+01
7.530502989127771230e+01
7.547728838445443955e+01
7.547277332759182400e+01
7.424236942010432472e+01
7.281108590584786100e+01
7.295236068235089988e+01
7.228114684306896720e+01
7.254654105149489851e+01
7.235915878366841980e+01
7.214572317363825960e+01
7.203612793190140451e+01
7.001935617824295832e+01
