# abs offset [arcsec]
1.669462618009670791e+02
1.646301698408190077e+02
1.679856922938509456e+02
1.733828014798504000e+02
1.762154811218814530e+02
1.793182173350013215e+02
1.814006089240422455e+02
1.839878716289330214e+02
1.851712027629385489e+02
1.868244752928744390e+02
1.882645535116194537e+02
1.894112941919368609e+02
1.912061175163819371e+02
1.912339864099815827e+02
1.919772933881902759e+02
1.930035835635943897e+02
1.921692587230033951e+02
1.926608260192128341e+02
1.930731056924569202e+02
1.934111061720411158e+02
1.929391307809910359e+02
1.930787022424184158e+02
1.928718398476284221e+02
1.925181676913229865e+02
1.911770013171008031e+02
1.906241206918360831e+02
1.907599019511701783e+02
1.891653008771773443e+02
1.887986074847936493e+02
1.871370821223707139e+02
1.857780124313546253e+02
1.848960295861761267e+02
1.832801382803773436e+02
1.828590215167854467e+02
1.814267289820483313e+02
1.800617835437790575e+02
1.789603328722010929e+02
1.777834755532930160e+02
1.763848998784893922e+02
1.754713135519826039e+02
1.738347247235111865e+02
1.720028649722084140e+02
1.704930122354364528e+02
1.694350543676445966e+02
1.674060753357943838e+02
1.652926911121257945e+02
1.639865214226436194e+02
1.624487453167648994e+02
1.612718478458364473e+02
1.597524454138436738e+02
1.589011719356339540e+02
1.568470129708802290e+02
1.551647700153843914e+02
1.544142505276083455e+02
1.523061199826141774e+02
1.499405687454776341e+02
1.484039393146050543e+02
1.470524189834217168e+02
1.457030580894355865e+02
1.431237004966569089e+02
1.418437451775729414e+02
1.403355453799690906e+02
1.386681032887365745e+02
1.364617150203036715e+02
1.346398506883031416e+02
1.336835095445731838e+02
1.322392232376800791e+02
1.308020108174042946e+02
1.289961276207924072e+02
1.269641478699967791e+02
1.252621534491782143e+02
1.233948797511994968e+02
1.224959187504004632e+02
1.216772286206493021e+02
1.196819828702742825e+02
1.186169369936221472e+02
1.174299612582441199e+02
1.167503698542651307e+02
1.147258933925110398e+02
1.129564296287831127e+02
1.113210556813657917e+02
1.101234248347875138e+02
1.090209505284169893e+02
1.071833026238939368e+02
1.056051912073514814e+02
1.039584953340395828e+02
1.024734880377066588e+02
1.009309083833197604e+02
1.007812379811805528e+02
9.965719539998210053e+01
9.824338927568061308e+01
9.646148965378094431e+01
9.548473746486139646e+01
9.418167431493914421e+01
9.315212100747694990e+01
9.147268729350348337e+01
9.031799417266954322e+01
8.893344890318748241e+01
8.779408886818949043e+01
8.544308615285930841e+01
8.478295515248265701e+01
8.372012526189065795e+01
8.331681524019880669e+01
8.071113377592978111e+01
7.969344880139318832e+01
7.819575265374788842e+01
7.685794903190898708e+01
7.555012596095221511e+01
7.478483794939798202e+01
7.417624683800212892e+01
7.346201925696145452e+01
7.168886058900238822e+01
7.107428133592883057e+01
6.972103261872486257e+01
6.885247929723421123e+01
6.785132844724871859e+01
6.692752308162685893e+01
6.571545168908900791e+01
6.395390826159012931e+01
6.211055587877183370e+01
6.229448666910998611e+01
6.040146416874171820e+01
5.982448749659217668e+01
5.896677494545493659e+01
5.804629365456341361e+01
5.654539854163470380e+01
5.561394378480706280e+01
5.489056589951410814e+01
5.353233723063226535e+01
5.316639667025827265e+01
5.190160914309296913e+01
5.171726691331388537e+01
5.063781214889986870e+01
4.936484241805813156e+01
4.868543557714002645e+01
4.828153997176315215e+01
4.694847890920176070e+01
4.568933238600385494e+01
4.520873237813946588e+01
4.402413569492613021e+01
4.323406853712221221e+01
4.231302150165812748e+01
4.156055000358780660e+01
4.138529259323760812e+01
3.958471182329320470e+01
3.866162034420661797e+01
3.822308572334642918e+01
3.768261114521289556e+01
3.699386460762198681e+01
3.575209889198215052e+01
3.466609193572928405e+01
3.300205080850496131e+01
3.281496804256828881e+01
3.231699813784530306e+01
3.217627996126840628e+01
