# abs offset [arcsec]
1.607866464150257357e+01
1.698365861215003747e+01
1.460470614305585357e+01
1.575612982081203839e+01
1.803518716601632121e+01
1.677925243173670466e+01
1.781618703175392326e+01
1.645082671318024481e+01
1.618685145089740018e+01
1.652892661499828009e+01
1.778937749547787561e+01
1.812900596318262458e+01
1.772215444438062093e+01
1.809795840485290697e+01
1.850072057195846043e+01
1.862278841792143780e+01
1.839306286750079877e+01
1.962202186057595199e+01
1.915876100602413246e+01
2.021393394520866593e+01
2.118118875765516762e+01
2.193408119667313017e+01
2.140087032853230298e+01
2.269777621561425107e+01
2.339196562805166124e+01
2.364333858512637221e+01
2.438891652364132767e+01
2.446271991239211729e+01
2.555402397128781544e+01
2.601449815159540080e+01
2.649203498574856042e+01
2.658781245281307193e+01
2.793085848583912778e+01
2.884352279930912744e+01
2.916957762757061445e+01
2.963387147123091481e+01
3.053442607844501921e+01
3.083137364025773053e+01
3.151924191218466120e+01
3.262568630650782353e+01
3.277815029505222810e+01
3.343523026699858747e+01
3.386365881841314263e+01
3.488873147195258184e+01
3.587942701866807482e+01
3.692113533453830598e+01
3.745514139395015718e+01
3.758084733086523244e+01
3.815792285298586961e+01
3.843604750145082960e+01
3.975288002516842312e+01
4.016384007469229545e+01
4.097309292989955054e+01
4.207942837827071259e+01
4.263703251134037941e+01
4.340356401508451256e+01
4.453177654546760067e+01
4.520935632214050059e+01
4.613484341592847926e+01
4.637932992141978161e+01
4.677891320964052113e+01
4.687185721497489510e+01
4.788127915891583797e+01
4.810331818002003246e+01
4.983002736639045338e+01
4.990793295358516701e+01
5.130789293295666909e+01
5.186533301999481438e+01
5.250250664951690993e+01
5.408850292726078379e+01
5.480583360060811060e+01
5.482825839861239103e+01
5.747866707513028217e+01
5.863068558068802361e+01
5.929207088001047055e+01
6.105864440239975011e+01
6.188097319061098744e+01
6.277935844147575750e+01
6.322970784903751706e+01
6.455650104142240764e+01
6.536758315157020149e+01
6.655203468338446271e+01
6.725730731751299629e+01
6.859128947648424912e+01
6.885064348091758291e+01
7.031814013466991753e+01
7.170052714921328629e+01
7.236352947008549563e+01
7.291943235423185854e+01
7.457841619800360888e+01
7.590491890488570448e+01
7.694183511899255734e+01
7.817306371231403261e+01
7.894217955508050011e+01
7.946322221568033228e+01
8.139124535764547375e+01
8.245647955133559037e+01
8.347024331939772424e+01
8.445357202015684095e+01
8.574951081432725175e+01
8.732786719315404866e+01
8.866461623205439935e+01
8.989120389505791309e+01
9.154038306340233078e+01
9.233510180528065803e+01
9.375969354255107646e+01
9.394521823254326875e+01
9.518648596809482854e+01
9.650331524020347729e+01
9.703399670097621765e+01
9.834880231635939651e+01
9.982801177356957112e+01
1.008672090715337077e+02
1.011091101340961274e+02
1.025781707276239132e+02
1.039447957464444130e+02
1.034912905076563305e+02
1.045743526328354847e+02
1.050875312842389491e+02
1.055891365052284812e+02
1.057071513950780002e+02
1.060059580877443608e+02
1.064304080759321778e+02
1.072902526737904765e+02
1.074135713075437621e+02
1.069199088088645766e+02
1.078876975122030757e+02
1.079816518447427995e+02
1.073118972266944411e+02
1.077697156182951659e+02
1.068913946927885519e+02
1.052163910290511240e+02
1.032265639607338841e+02
1.045796294850700292e+02
1.122801471921120680e+02
