# abs offset [arcsec]
2.648504721858217295e+02
2.410767147727195265e+02
2.382042433311333696e+02
2.447761818509806915e+02
2.478219464967132808e+02
2.467928109452069521e+02
2.448629268361373192e+02
2.454210739913202701e+02
2.446368097457051931e+02
2.443376405836326626e+02
2.443790177233522058e+02
2.446557440531022394e+02
2.435521115187274859e+02
2.436312295428613766e+02
2.428566660025483372e+02
2.426933315665947930e+02
2.428045799517499006e+02
2.413571158424600753e+02
2.415806096381526231e+02
2.397534600952000119e+02
2.394444412919027343e+02
2.388928390599666329e+02
2.373207180360629422e+02
2.376514848534519331e+02
2.369159251910578234e+02
2.363585305674667723e+02
2.360545999277592557e+02
2.343711866376168587e+02
2.341464017644665034e+02
2.330606217709778605e+02
2.327889384212726895e+02
2.316882778202561894e+02
2.307355001059233643e+02
2.297981317079710948e+02
2.290611819745855655e+02
2.277933885622339574e+02
2.266016228535850985e+02
2.266694842229554183e+02
2.253358125326607535e+02
2.239322908819178508e+02
2.228410152376719680e+02
2.222811358952506851e+02
2.215722861810237418e+02
2.207934356063631753e+02
2.196204878251926118e+02
2.178366993813834256e+02
2.167407570721365744e+02
2.159546707419812606e+02
2.143386162269733575e+02
2.142792436537249330e+02
2.118641696495888027e+02
2.111456576328916981e+02
2.109515515285817742e+02
2.094886732626530090e+02
2.081440774453816971e+02
2.066087847442403245e+02
2.069747540368286138e+02
2.054877387355515168e+02
2.035089516893374082e+02
2.034386619340897084e+02
2.011921231955532505e+02
2.005943826332151332e+02
1.988373632650794320e+02
1.980493154398399156e+02
1.968498220254765556e+02
1.961158864479219517e+02
1.947551392490883870e+02
1.939661662879130120e+02
1.930550459645394028e+02
1.913563838668339088e+02
1.903636601747971326e+02
1.894226124447975792e+02
1.873237740278740944e+02
1.860548086629805198e+02
1.853858007867847562e+02
1.839787521736174938e+02
1.826231050692533984e+02
1.808546373385796926e+02
1.803853084154277440e+02
1.796184361315015963e+02
1.787836991059313618e+02
1.775087783464301197e+02
1.758194755084974759e+02
1.749469829800537468e+02
1.739305443613660884e+02
1.727417059459491213e+02
1.713697139191821748e+02
1.699209521748004477e+02
1.688666330278290673e+02
1.675417573005651661e+02
1.664935573705787419e+02
1.661161165014574976e+02
1.649042876219110951e+02
1.634495186014548835e+02
1.628735062598781553e+02
1.606580358485007309e+02
1.603095414917164589e+02
1.588735782237590684e+02
1.580866812220797328e+02
1.574769536252123316e+02
1.571181121273242809e+02
1.551356212750835084e+02
1.543865467740661188e+02
1.525914314443853925e+02
1.525964679325015254e+02
1.512786367143957307e+02
1.496467923065303580e+02
1.490051608217447381e+02
1.487123869242290368e+02
1.455858344274503793e+02
1.447345453749412911e+02
1.439302299539331784e+02
1.428178606003850462e+02
1.422448229906012216e+02
1.405212368371444995e+02
1.398136949157822357e+02
1.386845800084487053e+02
1.387017438551101804e+02
1.384706810939343313e+02
1.366643271655817102e+02
1.359329529055822547e+02
1.345808225270442051e+02
1.330192227519927144e+02
1.329786017542021739e+02
1.313966282464135702e+02
1.311789767173042947e+02
1.309416573266754824e+02
1.295763324657812063e+02
1.294875462440310514e+02
1.282377887058080432e+02
1.270618723464578608e+02
1.270338680940051574e+02
1.254963332711513857e+02
1.244168298529108654e+02
1.239779862140905209e+02
1.225455658359809803e+02
1.221293617826592879e+02
1.214562079920045932e+02
1.205427638586352259e+02
1.195279703712749750e+02
1.183615030351913759e+02
1.182417885861803910e+02
1.176801280397264406e+02
1.166313402073757572e+02
1.162677520514883298e+02
1.159412384374741265e+02
1.148737538757102641e+02
1.134957599314733443e+02
1.134627700307829912e+02
1.125119399949001178e+02
1.116986290183301662e+02
1.115540755804723290e+02
1.110553934668083400e+02
1.099806468644603683e+02
1.092019171506483133e+02
1.069552586721424916e+02
