# abs offset [arcsec]
6.923688382939496933e+01
7.024088800471601246e+01
7.127148610801543782e+01
7.202854594785806341e+01
7.258444963308924969e+01
7.322272231322558866e+01
7.400819743282937679e+01
7.419607575237473895e+01
7.583733251409239529e+01
7.587650742027554429e+01
7.632795224337695572e+01
7.738784317471127849e+01
7.827381097107566177e+01
7.857960159317175908e+01
7.994877195723171326e+01
8.012385932893258200e+01
8.129949875848186025e+01
8.224989537152062269e+01
8.274827344142916274e+01
8.307941806595616185e+01
8.450739455733334182e+01
8.568355680142735764e+01
8.592634240660950695e+01
8.727506036240612275e+01
8.787942363583034933e+01
8.872080083402407524e+01
8.964777940097734188e+01
9.057178193725238202e+01
9.045502221888894212e+01
9.241971830025920553e+01
9.297460666652416705e+01
9.393889699064733634e+01
9.393477338347589978e+01
9.497832646150132518e+01
9.602192845117039610e+01
9.679999803269525671e+01
9.725381945771179915e+01
9.888080605262575773e+01
1.001679584810636783e+02
1.006619399558197614e+02
1.014049668121026144e+02
1.026008880495555502e+02
1.030596796659058896e+02
1.045351206188288842e+02
1.056284427497210174e+02
1.057583700615914921e+02
1.064685069883913826e+02
1.081488010486395694e+02
1.090041396013992738e+02
1.101534162746654317e+02
1.113739376062161455e+02
1.121399853508553690e+02
1.130441154665379457e+02
1.141789523465018874e+02
1.146872430748369425e+02
1.159443136237999141e+02
1.167220110215603199e+02
1.184139530867754928e+02
1.188712065123185226e+02
1.206820124028554062e+02
1.215147829891455729e+02
1.232356884834873796e+02
1.241942781901252317e+02
1.253451379425647616e+02
1.271418076788414311e+02
1.273439737166921475e+02
1.277282489840213628e+02
1.295740135842565905e+02
1.302906187791036245e+02
1.315261241947603708e+02
1.315497557460435303e+02
1.335909475168167546e+02
1.333867860387794337e+02
1.348102976570575038e+02
1.361765198812314566e+02
1.366009532049047266e+02
1.381668065070093121e+02
1.387593665429974976e+02
1.395076408781022792e+02
1.413937288517927300e+02
1.420612713834673286e+02
1.431333760979347289e+02
1.441401465818235863e+02
1.456254937559417328e+02
1.471027949631468914e+02
1.485492642428603745e+02
1.501534993034603360e+02
1.508312442799359587e+02
1.519305644167311868e+02
1.533781744175266510e+02
1.547998457429912094e+02
1.553899111584813966e+02
1.561609628508821856e+02
1.570983856663153517e+02
1.564961895046996574e+02
1.587667475139660667e+02
1.606098816434380865e+02
1.613463207466808171e+02
1.621745158919866014e+02
1.628534492053486247e+02
1.650226033699123320e+02
1.665309611901105882e+02
1.677063047697248237e+02
1.680175067877214019e+02
1.701721753039595058e+02
1.709075460555683321e+02
1.715155259708193967e+02
1.730871784314155661e+02
1.741262322883250704e+02
1.741537166115619470e+02
1.755278452793548638e+02
1.761507114054506644e+02
1.770551184487458158e+02
1.783184507696860237e+02
1.798212550882556968e+02
1.810498129126336266e+02
1.813341880463065081e+02
1.832277668408087834e+02
1.837572561478680200e+02
1.850842025747917887e+02
1.854916385989880609e+02
1.877419125482194886e+02
1.870562001448621174e+02
1.888287294448364548e+02
1.889238795634412327e+02
1.901664573972388439e+02
1.914760539957134426e+02
1.926981000914508400e+02
1.934159602687436745e+02
1.951649404798263845e+02
1.955660927630065373e+02
1.962314886306981805e+02
1.968083481030533051e+02
1.979587459143492651e+02
1.980504585821613546e+02
1.995265999084147381e+02
2.002153682499233867e+02
2.004320747559284257e+02
2.022486629878957274e+02
2.025803564210076502e+02
2.026677536134341153e+02
2.030031196697684663e+02
2.037196191274991008e+02
2.054812483016342242e+02
2.055757743578851660e+02
2.055433329102787638e+02
2.067825833008438963e+02
2.080487361100757084e+02
2.080254987813199534e+02
2.083569255087049612e+02
2.090691287565018968e+02
2.091271698528699687e+02
2.105565229175236936e+02
2.065911363614135325e+02
2.006426253956444725e+02
2.058626798382272227e+02
2.357154210756976624e+02
