abs offset [arcsec]
1.324439581414284248e+02
1.326593051491452115e+02
1.321321622966199527e+02
1.322585539023822321e+02
1.324975805726644751e+02
1.329898420976517457e+02
1.326132226173259028e+02
1.324744628310719747e+02
1.324612064919776060e+02
1.322376824190808122e+02
1.324951414775262890e+02
1.324436133739821742e+02
1.328912668968158926e+02
1.336717580491818751e+02
1.328872100794517621e+02
1.327326841354622218e+02
1.325740383593370950e+02
1.328458599354536034e+02
1.330087182590174280e+02
1.336945877700948415e+02
1.338645897495769077e+02
1.333862669685325670e+02
1.338585034676513033e+02
1.336235857694469473e+02
1.331449321111678614e+02
1.336282951462257245e+02
1.339390082203784686e+02
1.336688355415461444e+02
1.330915539554656846e+02
1.343365070173619813e+02
1.349741031149426362e+02
1.353564954929292412e+02
1.354517323605664956e+02
1.347400148301594243e+02
1.341067451306257965e+02
1.345131637019351842e+02
1.343463686186189250e+02
1.351099646536293335e+02
1.352246822116487408e+02
1.352524953864436270e+02
1.358804314104173159e+02
1.357242722953656084e+02
1.357656637098915837e+02
1.358226484571053732e+02
1.353863458127688659e+02
1.354656645012581748e+02
1.359859461597643531e+02
1.359698370077139487e+02
1.365286752385625846e+02
1.364311664144580050e+02
1.367277998633298921e+02
1.373168362785642387e+02
1.367592693539230311e+02
1.369143546241414242e+02
1.367691932299835855e+02
1.369563606716400272e+02
1.366737358107154421e+02
1.372655370132303005e+02
1.379340373151083554e+02
1.376547311618215588e+02
1.376304493911655698e+02
1.378083329673606556e+02
1.383792664328834121e+02
1.385355933690435677e+02
1.383550942411714288e+02
1.387407237315651685e+02
1.384751362170596849e+02
1.390320222111507746e+02
1.389192868456132999e+02
1.390961519896178800e+02
1.388747789210790131e+02
1.398871137125726420e+02
1.399428602238282053e+02
1.395760942737396988e+02
1.394021072887863397e+02
1.391144961455834732e+02
1.395246200997935944e+02
1.395095246544462952e+02
1.397477036472192253e+02
1.397145874629185869e+02
1.396387982839315498e+02
1.401308057630907058e+02
1.399315390829502519e+02
1.403746172922687379e+02
1.406922135718173195e+02
1.406979524753489557e+02
1.408602462185962452e+02
1.412763094647203559e+02
1.412384806916882951e+02
1.412178361292447732e+02
1.411119606926849031e+02
1.412702909205746380e+02
1.412366292787854718e+02
1.413426696717255595e+02
1.414684594864816063e+02
1.415707096676406138e+02
1.418182266095324451e+02
1.414466782861656498e+02
1.417877949577332117e+02
1.423445627833543483e+02
1.417431417256595125e+02
1.419931388315598042e+02
1.421869841049188210e+02
1.423877177506867326e+02
1.430579926513741214e+02
1.422424227041394147e+02
1.427143041076067789e+02
1.430218541948081850e+02
1.427482332213655241e+02
1.432240772594092846e+02
1.433911043649516444e+02
1.429443036758918879e+02
1.435047053679686542e+02
1.440232691158187777e+02
1.431493862919295736e+02
1.438304240005023757e+02
1.437434048479922524e+02
1.436651900964716901e+02
1.436454787710787286e+02
1.440311315190818675e+02
1.446234772744849408e+02
1.445141110312956414e+02
1.438748272224073901e+02
1.448128308165119051e+02
1.455435637885769324e+02
1.456538416139961214e+02
1.457129945163179627e+02
1.460723552175982718e+02
1.453385157997934130e+02
1.456948223498618802e+02
1.454414158954352558e+02
1.455589695244868835e+02
1.462000115496243779e+02
1.463721620299004087e+02
1.464634654810647305e+02
1.466684612277880717e+02
1.470306549877499265e+02
1.468572713487376689e+02
1.469825933803121529e+02
1.473403784474876943e+02
1.475073934387438328e+02
1.476101837069258806e+02
1.482560863694992008e+02
1.479884813532537464e+02
1.479602192252189070e+02
1.482753537515527853e+02
1.481635155650129150e+02
1.487149891521599443e+02
1.485424537423118636e+02
1.483608930749463468e+02
1.480604840186543925e+02
1.485385407926352457e+02
1.487281468716963957e+02
1.491921019612913142e+02
1.489449223632287271e+02
1.489574162014299361e+02
1.493324636648637807e+02
1.496152143273156128e+02
1.494649118841322206e+02
1.495532738462912619e+02
1.496669629345113890e+02
1.497468054697018545e+02
1.493832602285955318e+02
1.503829036705641329e+02
1.496350482188346120e+02
1.504334550738253427e+02
1.501138675693453877e+02
1.506221331049480341e+02
1.503303865981408762e+02
1.502338385422887086e+02
1.499857061279577408e+02
1.508813102635883752e+02
1.502529362267353292e+02
1.503689938810611864e+02
1.501073823787779418e+02
1.498828391882364883e+02
1.488814032514442260e+02
1.485589958343844614e+02
1.491705666739580352e+02
1.496020861197866338e+02
1.489304000957484106e+02
1.487041720436171204e+02
1.491599416418071939e+02
1.495856164515643059e+02
1.494303175108864252e+02
1.494728005350647493e+02
1.496306462497288692e+02
1.488138448225450361e+02
1.487169596751650715e+02
1.490099829215345153e+02
1.517191505742097775e+02
