abs offset [arcsec]
1.125759727226607652e+02
1.142154375592072881e+02
1.150145460079323527e+02
1.143284119906246019e+02
1.139302345631997326e+02
1.140960433604941642e+02
1.144230586614291525e+02
1.146909654150481117e+02
1.140239931978400278e+02
1.138472932790749041e+02
1.137248160373118964e+02
1.141537949156740410e+02
1.137863261393191863e+02
1.136332444716384344e+02
1.137630989809816668e+02
1.137749938133238174e+02
1.139569284547652188e+02
1.136827058105149035e+02
1.136268588340847288e+02
1.139851076275326278e+02
1.138522127997756712e+02
1.140740501895470373e+02
1.137512804667371853e+02
1.136947621001496458e+02
1.137677530338540066e+02
1.138885482655696961e+02
1.135047625703719518e+02
1.139295645277860132e+02
1.139225487292076195e+02
1.135710657139690909e+02
1.135908690700410801e+02
1.131118001160096469e+02
1.129630170727646856e+02
1.131652281163929814e+02
1.125691073652073726e+02
1.131723121066909528e+02
1.130457314393531050e+02
1.131423996736159410e+02
1.122763928188440730e+02
1.124497453999472754e+02
1.125007552680722824e+02
1.121790948236728127e+02
1.124722087024665456e+02
1.134565551200331868e+02
1.124739230281846432e+02
1.126983909964996258e+02
1.132430695916686716e+02
1.125365758269611263e+02
1.122400657737193086e+02
1.122921414319614684e+02
1.114007624561697725e+02
1.115953812720387504e+02
1.115386226868450734e+02
1.112255209128773856e+02
1.106206171309137716e+02
1.107758676261004354e+02
1.106130041818885985e+02
1.108213834264980875e+02
1.108976305869529853e+02
1.105114658131739276e+02
1.106636361950311311e+02
1.099900753200192440e+02
1.102085354350193427e+02
1.096951165983994940e+02
1.092534645075333088e+02
1.089001613899344107e+02
1.089852055372234787e+02
1.092795298162610607e+02
1.089180838478749820e+02
1.086010138386744615e+02
1.082385206276911873e+02
1.084768876162592477e+02
1.076363081123075176e+02
1.076036434289849524e+02
1.072587904856920886e+02
1.072489318960961384e+02
1.070238469836114206e+02
1.064804666882802593e+02
1.065897910074917974e+02
1.066594819012421596e+02
1.059432556405138399e+02
1.053710691320673050e+02
1.059962224401715929e+02
1.051931813349904417e+02
1.052595365685617139e+02
1.044213757256806332e+02
1.041932680925259831e+02
1.045179970520586608e+02
1.042159149229998008e+02
1.039791476459009800e+02
1.035027962481157289e+02
1.029169135246972075e+02
1.030143527665792362e+02
1.030599172103774066e+02
1.024725673595269626e+02
1.019929900749439753e+02
1.020810387787402220e+02
1.024347137762469941e+02
1.014613839215855506e+02
1.009689647772018617e+02
1.008589483473244002e+02
1.008206410643897755e+02
1.007599800989406589e+02
1.005137559259377866e+02
9.986115035953197605e+01
9.977128878479811647e+01
9.960330399562668902e+01
9.925390402094890874e+01
9.889739937546049475e+01
9.867884566132211432e+01
9.835450935629229718e+01
9.854782867159013904e+01
9.842294748899996648e+01
9.769054793433232931e+01
9.724431976843594327e+01
9.657030965635499342e+01
9.717506463060048816e+01
9.702779933810982982e+01
9.648620814173239069e+01
9.611098490471758282e+01
9.577973930094023558e+01
9.565001121344617729e+01
9.593670150661763785e+01
9.535863623028789959e+01
9.552093002389476339e+01
9.534236130147510835e+01
9.486020489812963774e+01
9.466629602235759933e+01
9.478134046794912138e+01
9.476227130498777740e+01
9.361403946970405343e+01
9.372991752023375511e+01
9.349113555245385498e+01
9.274634870117448315e+01
9.288973019073863213e+01
9.266529856567403556e+01
9.236183197298880998e+01
9.222219636178230928e+01
9.132275102812677403e+01
9.081483626600909531e+01
9.099465876200657988e+01
9.026346701469245204e+01
8.946526320168329960e+01
8.939430056242728995e+01
8.932501219414007210e+01
8.976794305887973735e+01
8.912932073703453284e+01
8.919810461054726147e+01
8.894007640483393118e+01
8.868079978449848966e+01
8.825430604710516036e+01
8.778919675990044880e+01
8.765421213813016266e+01
8.806967733907373486e+01
8.819102700505209214e+01
8.799072153923383155e+01
8.753570767595898872e+01
8.654106091563740222e+01
8.603935208751926211e+01
8.693966252689662610e+01
8.640789658414034591e+01
8.571639339703888538e+01
8.630656493849534172e+01
8.620520264276152034e+01
8.622079945927094968e+01
8.622288937423523691e+01
8.572655267481960095e+01
8.504058829351598092e+01
8.554968255389745480e+01
8.492930550891838948e+01
8.468570673112076008e+01
8.367657335946093156e+01
8.398486597774031281e+01
8.360474391351371537e+01
8.396436504754976227e+01
8.283616307493727504e+01
8.249313561843898412e+01
8.293539077171821816e+01
8.276771414281351724e+01
8.257957442948298876e+01
8.249888019091525848e+01
8.271797469657575164e+01
8.168428973121579872e+01
8.031851608524219444e+01
8.062670998763506702e+01
8.100760302130622392e+01
8.000598800791236442e+01
8.037037166902496210e+01
8.050511093132945462e+01
7.979870986805015320e+01
