       0.000000000       0.000000000       3.809791101       0.352485603    31045.223275463  99  65985   AzEl         1       1       1       1
       0.000000000       0.000000000       3.810948605       0.360089725    31045.223310185  99  65985   AzEl         1       1       1       1
       0.000000000       0.000000000       3.817539030       0.365669821    31045.223344907  99  65985   AzEl         1       1       1       1
       0.000000000       0.000000000       3.825133246       0.371540648    31045.223379630  99  65985   AzEl         1       1       1       1
       0.000000000       0.000000000       3.828054763       0.374049979    31045.223414352  99  65985   AzEl         1       1       1       1
       0.000000000       0.000000000       3.832711994       0.383038663    31045.223449074  99  65985   AzEl         1       1       1       1
       0.000000000       0.000000000       3.835664045       0.392738811    31045.223483796  99  65985   AzEl         1       1       1       1
       0.000000000       0.000000000       3.839071276       0.396748816    31045.223518519  99  65985   AzEl         1       1       1       1
       0.000000000       0.000000000       3.849117446       0.400932186    31045.223553241  99  65985   AzEl         1       1       1       1
       0.000000000       0.000000000       3.854356222       0.409780007    31045.223587963  99  65985   AzEl         1       1       1       1
       0.000000000       0.000000000       3.857912280       0.415052130    31045.223622685  99  65985   AzEl         1       1       1       1
       0.000000000       0.000000000       3.865069977       0.423685770    31045.223657407  99  65985   AzEl         1       1       1       1
       0.000000000       0.000000000       3.870467408       0.429759380    31045.223692130  99  65985   AzEl         1       1       1       1
       0.000000000       0.000000000       3.875276920       0.433944401    31045.223726852  99  65985   AzEl         1       1       1       1
       0.000000000       0.000000000       3.884491969       0.441278484    31045.223761574  99  65985   AzEl         1       1       1       1
       0.000000000       0.000000000       3.888815068       0.450586218    31045.223796296  99  65985   AzEl         1       1       1       1
       0.000000000       0.000000000       3.896671838       0.450539309    31045.223831019  99  65985   AzEl         1       1       1       1
       0.000000000       0.000000000       3.899264673       0.460329046    31045.223865741  99  65985   AzEl         1       1       1       1
       0.000000000       0.000000000       3.910168648       0.470918930    31045.223900463  99  65985   AzEl         1       1       1       1
       0.000000000       0.000000000       3.914831080       0.476194284    31045.223935185  99  65985   AzEl         1       1       1       1
       0.000000000       0.000000000       3.921229711       0.486476286    31045.223969907  99  65985   AzEl         1       1       1       1
       0.000000000       0.000000000       3.929546892       0.492594428    31045.224004630  99  65985   AzEl         1       1       1       1
       0.000000000       0.000000000       3.939087479       0.498873559    31045.224039352  99  65985   AzEl         1       1       1       1
       0.000000000       0.000000000       3.947629189       0.504384038    31045.224074074  99  65985   AzEl         1       1       1       1
       0.000000000       0.000000000       3.953340276       0.514298227    31045.224108796  99  65985   AzEl         1       1       1       1
       0.000000000       0.000000000       3.961310795       0.520000118    31045.224143519  99  65985   AzEl         1       1       1       1
       0.000000000       0.000000000       3.967495264       0.530056674    31045.224178241  99  65985   AzEl         1       1       1       1
       0.000000000       0.000000000       3.977826864       0.532646295    31045.224212963  99  65985   AzEl         1       1       1       1
       0.000000000       0.000000000       3.982735401       0.543364587    31045.224247685  99  65985   AzEl         1       1       1       1
       0.000000000       0.000000000       3.992989696       0.551555092    31045.224282407  99  65985   AzEl         1       1       1       1
       0.000000000       0.000000000       4.001425152       0.562142376    31045.224317130  99  65985   AzEl         1       1       1       1
       0.000000000       0.000000000       4.013050512       0.565282262    31045.224351852  99  65985   AzEl         1       1       1       1
       0.000000000       0.000000000       4.022226027       0.574084527    31045.224386574  99  65985   AzEl         1       1       1       1
       0.000000000       0.000000000       4.031038055       0.582057999    31045.224421296  99  65985   AzEl         1       1       1       1
       0.000000000       0.000000000       4.041108113       0.590933503    31045.224456019  99  65985   AzEl         1       1       1       1
       0.000000000       0.000000000       4.054155755       0.598568902    31045.224490741  99  65985   AzEl         1       1       1       1
       0.000000000       0.000000000       4.060257292       0.604564166    31045.224525463  99  65985   AzEl         1       1       1       1
       0.000000000       0.000000000       4.071463727       0.618547302    31045.224560185  99  65985   AzEl         1       1       1       1
       0.000000000       0.000000000       4.085647922       0.626030959    31045.224594907  99  65985   AzEl         1       1       1       1
       0.000000000       0.000000000       4.097901826       0.634555330    31045.224629630  99  65985   AzEl         1       1       1       1
       0.000000000       0.000000000       4.108731066       0.640314423    31045.224664352  99  65985   AzEl         1       1       1       1
       0.000000000       0.000000000       4.118301770       0.647170328    31045.224699074  99  65985   AzEl         1       1       1       1
       0.000000000       0.000000000       4.130949740       0.658748772    31045.224733796  99  65985   AzEl         1       1       1       1
       0.000000000       0.000000000       4.146647205       0.665184252    31045.224768519  99  65985   AzEl         1       1       1       1
       0.000000000       0.000000000       4.157296889       0.674860818    31045.224803241  99  65985   AzEl         1       1       1       1
       0.000000000       0.000000000       4.173655980       0.681692302    31045.224837963  99  65985   AzEl         1       1       1       1
       0.000000000       0.000000000       4.184410878       0.688820915    31045.224872685  99  65985   AzEl         1       1       1       1
       0.000000000       0.000000000       4.201156548       0.701338311    31045.224907407  99  65985   AzEl         1       1       1       1
       0.000000000       0.000000000       4.212371431       0.707114449    31045.224942130  99  65985   AzEl         1       1       1       1
       0.000000000       0.000000000       4.229286257       0.714517538    31045.224976852  99  65985   AzEl         1       1       1       1
       0.000000000       0.000000000       4.245735656       0.726637040    31045.225011574  99  65985   AzEl         1       1       1       1
       0.000000000       0.000000000       4.260240675       0.735953752    31045.225046296  99  65985   AzEl         1       1       1       1
       0.000000000       0.000000000       4.281349822       0.741585799    31045.225081019  99  65985   AzEl         1       1       1       1
       0.000000000       0.000000000       4.298321869       0.749810259    31045.225115741  99  65985   AzEl         1       1       1       1
       0.000000000       0.000000000       4.313041492       0.758177590    31045.225150463  99  65985   AzEl         1       1       1       1
       0.000000000       0.000000000       4.333291602       0.769383166    31045.225185185  99  65985   AzEl         1       1       1       1
       0.000000000       0.000000000       4.352810743       0.777280607    31045.225219907  99  65985   AzEl         1       1       1       1
       0.000000000       0.000000000       4.371236788       0.785141511    31045.225254630  99  65985   AzEl         1       1       1       1
       0.000000000       0.000000000       4.390721677       0.796727557    31045.225289352  99  65985   AzEl         1       1       1       1
       0.000000000       0.000000000       4.412719352       0.797386518    31045.225324074  99  65985   AzEl         1       1       1       1
       0.000000000       0.000000000       4.432348780       0.806078831    31045.225358796  99  65985   AzEl         1       1       1       1
       0.000000000       0.000000000       4.453754873       0.815555876    31045.225393519  99  65985   AzEl         1       1       1       1
       0.000000000       0.000000000       4.475806117       0.823095509    31045.225428241  99  65985   AzEl         1       1       1       1
       0.000000000       0.000000000       4.499053387       0.829786436    31045.225462963  99  65985   AzEl         1       1       1       1
       0.000000000       0.000000000       4.525371282       0.833365723    31045.225497685  99  65985   AzEl         1       1       1       1
       0.000000000       0.000000000       4.544886876       0.840168878    31045.225532407  99  65985   AzEl         1       1       1       1
       0.000000000       0.000000000       4.572488794       0.849964988    31045.225567130  99  65985   AzEl         1       1       1       1
       0.000000000       0.000000000       4.595010435       0.851670446    31045.225601852  99  65985   AzEl         1       1       1       1
       0.000000000       0.000000000       4.622323579       0.858345656    31045.225636574  99  65985   AzEl         1       1       1       1
       0.000000000       0.000000000       4.644828684       0.868786793    31045.225671296  99  65985   AzEl         1       1       1       1
       0.000000000       0.000000000       4.678048164       0.872587358    31045.225706019  99  65985   AzEl         1       1       1       1
       0.000000000       0.000000000       4.697896405       0.876232670    31045.225740741  99  65985   AzEl         1       1       1       1
       0.000000000       0.000000000       4.729691035       0.879149210    31045.225775463  99  65985   AzEl         1       1       1       1
       0.000000000       0.000000000       4.758113404       0.883715544    31045.225810185  99  65985   AzEl         1       1       1       1
       0.000000000       0.000000000       4.787560355       0.890408174    31045.225844907  99  65985   AzEl         1       1       1       1
       0.000000000       0.000000000       4.816569399       0.888486444    31045.225879630  99  65985   AzEl         1       1       1       1
       0.000000000       0.000000000       4.844582043       0.890242541    31045.225914352  99  65985   AzEl         1       1       1       1
       0.000000000       0.000000000       4.872002721       0.895101147    31045.225949074  99  65985   AzEl         1       1       1       1
       0.000000000       0.000000000       4.902851448       0.896510832    31045.225983796  99  65985   AzEl         1       1       1       1
       0.000000000       0.000000000       4.933661753       0.899297441    31045.226018519  99  65985   AzEl         1       1       1       1
       0.000000000       0.000000000       4.961499105       0.902161809    31045.226053241  99  65985   AzEl         1       1       1       1
       0.000000000       0.000000000       4.991724572       0.897892787    31045.226087963  99  65985   AzEl         1       1       1       1
       0.000000000       0.000000000       5.025346377       0.900807591    31045.226122685  99  65985   AzEl         1       1       1       1
       0.000000000       0.000000000       5.054708284       0.900683815    31045.226157407  99  65985   AzEl         1       1       1       1
       0.000000000       0.000000000       5.083755765       0.900694298    31045.226192130  99  65985   AzEl         1       1       1       1
       0.000000000       0.000000000       5.115438204       0.900688751    31045.226226852  99  65985   AzEl         1       1       1       1
       0.000000000       0.000000000       5.146189593       0.896239777    31045.226261574  99  65985   AzEl         1       1       1       1
       0.000000000       0.000000000       5.175396541       0.897410669    31045.226296296  99  65985   AzEl         1       1       1       1
       0.000000000       0.000000000       5.201325697       0.892460143    31045.226331019  99  65985   AzEl         1       1       1       1
       0.000000000       0.000000000       5.232147844       0.890731180    31045.226365741  99  65985   AzEl         1       1       1       1
       0.000000000       0.000000000       5.257944441       0.881751557    31045.226400463  99  65985   AzEl         1       1       1       1
       0.000000000       0.000000000       5.286890608       0.880222150    31045.226435185  99  65985   AzEl         1       1       1       1
       0.000000000       0.000000000       5.314705447       0.878059942    31045.226469907  99  65985   AzEl         1       1       1       1
       0.000000000       0.000000000       5.339854011       0.873198706    31045.226504630  99  65985   AzEl         1       1       1       1
       0.000000000       0.000000000       5.366579145       0.870689612    31045.226539352  99  65985   AzEl         1       1       1       1
       0.000000000       0.000000000       5.396790151       0.858641840    31045.226574074  99  65985   AzEl         1       1       1       1
       0.000000000       0.000000000       5.421151074       0.859316871    31045.226608796  99  65985   AzEl         1       1       1       1
       0.000000000       0.000000000       5.446107211       0.848297159    31045.226643519  99  65985   AzEl         1       1       1       1
       0.000000000       0.000000000       5.470116848       0.843540164    31045.226678241  99  65985   AzEl         1       1       1       1
       0.000000000       0.000000000       5.497099144       0.840263054    31045.226712963  99  65985   AzEl         1       1       1       1
       0.000000000       0.000000000       5.519138777       0.830835734    31045.226747685  99  65985   AzEl         1       1       1       1
       0.000000000       0.000000000       5.542046067       0.823915633    31045.226782407  99  65985   AzEl         1       1       1       1
       0.000000000       0.000000000       5.561188743       0.818389530    31045.226817130  99  65985   AzEl         1       1       1       1
       0.000000000       0.000000000       5.587397630       0.807548858    31045.226851852  99  65985   AzEl         1       1       1       1
       0.000000000       0.000000000       5.603857168       0.802791725    31045.226886574  99  65985   AzEl         1       1       1       1
       0.000000000       0.000000000       5.623299892       0.793851573    31045.226921296  99  65985   AzEl         1       1       1       1
       0.000000000       0.000000000       5.645525637       0.787787463    31045.226956019  99  65985   AzEl         1       1       1       1
       0.000000000       0.000000000       5.668995581       0.779327735    31045.226990741  99  65985   AzEl         1       1       1       1
       0.000000000       0.000000000       5.684177864       0.767090616    31045.227025463  99  65985   AzEl         1       1       1       1
       0.000000000       0.000000000       5.705190261       0.760502604    31045.227060185  99  65985   AzEl         1       1       1       1
       0.000000000       0.000000000       5.723371413       0.754164092    31045.227094907  99  65985   AzEl         1       1       1       1
       0.000000000       0.000000000       5.741347007       0.744426104    31045.227129630  99  65985   AzEl         1       1       1       1
       0.000000000       0.000000000       5.758517887       0.736544148    31045.227164352  99  65985   AzEl         1       1       1       1
       0.000000000       0.000000000       5.774409946       0.731453224    31045.227199074  99  65985   AzEl         1       1       1       1
       0.000000000       0.000000000       5.789431139       0.721298188    31045.227233796  99  65985   AzEl         1       1       1       1
       0.000000000       0.000000000       5.801573159       0.711935050    31045.227268519  99  65985   AzEl         1       1       1       1
       0.000000000       0.000000000       5.821493854       0.706080472    31045.227303241  99  65985   AzEl         1       1       1       1
       0.000000000       0.000000000       5.833722307       0.693529815    31045.227337963  99  65985   AzEl         1       1       1       1
       0.000000000       0.000000000       5.847048201       0.686199064    31045.227372685  99  65985   AzEl         1       1       1       1
       0.000000000       0.000000000       5.859337784       0.675250260    31045.227407407  99  65985   AzEl         1       1       1       1
       0.000000000       0.000000000       5.872855439       0.668634222    31045.227442130  99  65985   AzEl         1       1       1       1
       0.000000000       0.000000000       5.886974890       0.663797518    31045.227476852  99  65985   AzEl         1       1       1       1
       0.000000000       0.000000000       5.903515362       0.650766106    31045.227511574  99  65985   AzEl         1       1       1       1
       0.000000000       0.000000000       5.914345691       0.643986659    31045.227546296  99  65985   AzEl         1       1       1       1
       0.000000000       0.000000000       5.926871801       0.634101350    31045.227581019  99  65985   AzEl         1       1       1       1
       0.000000000       0.000000000       5.932648207       0.624584205    31045.227615741  99  65985   AzEl         1       1       1       1
       0.000000000       0.000000000       5.946222430       0.621461302    31045.227650463  99  65985   AzEl         1       1       1       1
       0.000000000       0.000000000       5.958226137       0.611114919    31045.227685185  99  65985   AzEl         1       1       1       1
       0.000000000       0.000000000       5.970244239       0.603813116    31045.227719907  99  65985   AzEl         1       1       1       1
       0.000000000       0.000000000       5.979517937       0.598355027    31045.227754630  99  65985   AzEl         1       1       1       1
       0.000000000       0.000000000       5.990761902       0.587482492    31045.227789352  99  65985   AzEl         1       1       1       1
       0.000000000       0.000000000       5.996447026       0.581716434    31045.227824074  99  65985   AzEl         1       1       1       1
       0.000000000       0.000000000       6.008570042       0.569429924    31045.227858796  99  65985   AzEl         1       1       1       1
       0.000000000       0.000000000       6.018015021       0.561753851    31045.227893519  99  65985   AzEl         1       1       1       1
       0.000000000       0.000000000       6.027928169       0.551845863    31045.227928241  99  65985   AzEl         1       1       1       1
       0.000000000       0.000000000       6.040048092       0.546859345    31045.227962963  99  65985   AzEl         1       1       1       1
       0.000000000       0.000000000       6.043421363       0.539799085    31045.227997685  99  65985   AzEl         1       1       1       1
       0.000000000       0.000000000       6.054062338       0.530617132    31045.228032407  99  65985   AzEl         1       1       1       1
       0.000000000       0.000000000       6.063343406       0.523781638    31045.228067130  99  65985   AzEl         1       1       1       1
       0.000000000       0.000000000       6.068334480       0.518875874    31045.228101852  99  65985   AzEl         1       1       1       1
       0.000000000       0.000000000       6.076358709       0.508262709    31045.228136574  99  65985   AzEl         1       1       1       1
       0.000000000       0.000000000       6.084149242       0.499916824    31045.228171296  99  65985   AzEl         1       1       1       1
       0.000000000       0.000000000       6.091308707       0.496530538    31045.228206019  99  65985   AzEl         1       1       1       1
       0.000000000       0.000000000       6.101555399       0.488098155    31045.228240741  99  65985   AzEl         1       1       1       1
       0.000000000       0.000000000       6.106879807       0.479230606    31045.228275463  99  65985   AzEl         1       1       1       1
       0.000000000       0.000000000       6.114345599       0.469888481    31045.228310185  99  65985   AzEl         1       1       1       1
       0.000000000       0.000000000       6.118875218       0.464938473    31045.228344907  99  65985   AzEl         1       1       1       1
       0.000000000       0.000000000       6.124960700       0.456685314    31045.228379630  99  65985   AzEl         1       1       1       1
       0.000000000       0.000000000       6.135447377       0.451589037    31045.228414352  99  65985   AzEl         1       1       1       1
       0.000000000       0.000000000       6.138054784       0.446234135    31045.228449074  99  65985   AzEl         1       1       1       1
       0.000000000       0.000000000       6.145573480       0.438817715    31045.228483796  99  65985   AzEl         1       1       1       1
       0.000000000       0.000000000       6.151373177       0.434796104    31045.228518519  99  65985   AzEl         1       1       1       1
       0.000000000       0.000000000       6.157192084       0.425033083    31045.228553241  99  65985   AzEl         1       1       1       1
       0.000000000       0.000000000       6.161314063       0.418550819    31045.228587963  99  65985   AzEl         1       1       1       1
       0.000000000       0.000000000       6.169608717       0.415369101    31045.228622685  99  65985   AzEl         1       1       1       1
       0.000000000       0.000000000       6.171276272       0.404965134    31045.228657407  99  65985   AzEl         1       1       1       1
       0.000000000       0.000000000       6.174412842       0.398209021    31045.228692130  99  65985   AzEl         1       1       1       1
       0.000000000       0.000000000       6.183030036       0.394162647    31045.228726852  99  65985   AzEl         1       1       1       1
       0.000000000       0.000000000       6.191321469       0.385920665    31045.228761574  99  65985   AzEl         1       1       1       1
       0.000000000       0.000000000       6.192125383       0.384412152    31045.228796296  99  65985   AzEl         1       1       1       1
       0.000000000       0.000000000       6.195169086       0.376945648    31045.228831019  99  65985   AzEl         1       1       1       1
       0.000000000       0.000000000       6.199447183       0.371543207    31045.228865741  99  65985   AzEl         1       1       1       1
       0.000000000       0.000000000       6.209636924       0.365091258    31045.228900463  99  65985   AzEl         1       1       1       1
       0.000000000       0.000000000       6.212106049       0.358898742    31045.228935185  99  65985   AzEl         1       1       1       1
       0.000000000       0.000000000       6.220233620       0.353619202    31045.228969907  99  65985   AzEl         1       1       1       1
