abs offset [arcsec]
6.689991928768044716e+01
6.651114369031493823e+01
6.721547171440377610e+01
6.724916416031678068e+01
6.739039148113303668e+01
6.740874498486797961e+01
6.787561926713303251e+01
6.749876023609157016e+01
6.708510876377833654e+01
6.694117976347519061e+01
6.729324244495654739e+01
6.712082346046179282e+01
6.664630514200028699e+01
6.676494249981138296e+01
6.771462975845106769e+01
6.715532236302671265e+01
6.760682236470366036e+01
6.745728203783521337e+01
6.711206347274176665e+01
6.690206591833270977e+01
6.644301317149013641e+01
6.698391105056808215e+01
6.733082536756131731e+01
6.756872067652969349e+01
6.793249229895160113e+01
6.827500645555501535e+01
6.785212583931962627e+01
6.755305936737029526e+01
6.817445910136835607e+01
6.769151771414466623e+01
6.775650028503834221e+01
6.828436386238159628e+01
6.826454708078917122e+01
6.803376421643118022e+01
6.706700554406795334e+01
6.726477775559050087e+01
6.767308933082327371e+01
6.769115307662441694e+01
6.811184089516186191e+01
6.754309774797876287e+01
6.767658430882261200e+01
6.751031335778016285e+01
6.747075998107858652e+01
6.780128296778094921e+01
6.761041422199414797e+01
6.733559576519616030e+01
6.722583227282767382e+01
6.773216725529937321e+01
6.733426799425278375e+01
6.747161020649772922e+01
6.696036611295245677e+01
6.671380748691939289e+01
6.674213496650054367e+01
6.644188243153331541e+01
6.592196502566656591e+01
6.619053538524785552e+01
6.664738032491381148e+01
6.616809016225317919e+01
6.677858699073392756e+01
6.711127736450887937e+01
6.695065653679276352e+01
6.728846127834202662e+01
6.737817985850983860e+01
6.750206232306814513e+01
6.804256131115855055e+01
6.731930415833521408e+01
6.714169259407832158e+01
6.667245877112874552e+01
6.718101029006193414e+01
6.670510261329818036e+01
6.707822949943249569e+01
6.659379297641041262e+01
6.791856888270126547e+01
6.790851535030849107e+01
6.786772085154601086e+01
6.737883846502619178e+01
6.719360693735470136e+01
6.732893084516982185e+01
6.684046393446654122e+01
6.695617576299676443e+01
6.710509957294189576e+01
6.683862943344655605e+01
6.593235929548515628e+01
6.624164472608936194e+01
6.651189418767583561e+01
6.674895666563449481e+01
6.679940311719552426e+01
6.659709760222295927e+01
6.674117955217064946e+01
6.718605966748823732e+01
6.736263505717384703e+01
6.726073198255265595e+01
6.701099683594824796e+01
6.685065215931862781e+01
6.670070169529337534e+01
6.704219771750048551e+01
6.702510194588921877e+01
6.650199560605823024e+01
6.653100693095599638e+01
6.705308610538469338e+01
6.705521210036427249e+01
6.662106982319279780e+01
6.656014231898639366e+01
6.648919069452756503e+01
6.590872278028025733e+01
6.644848046608569803e+01
6.626900338781416622e+01
6.641487076145760682e+01
6.621895616637267779e+01
6.621386727397162986e+01
6.646743663293339921e+01
6.590469313034780896e+01
6.582552674202572973e+01
6.573503990494508287e+01
6.579167163752434533e+01
6.611668242628073244e+01
6.629571604287465902e+01
6.636060553071060042e+01
6.618332915959659601e+01
6.623861767208580886e+01
6.592326832503437117e+01
6.638174965682730999e+01
6.623757837959065853e+01
6.601207160893527259e+01
6.593839055151359219e+01
6.571750758403922532e+01
6.560120502702093859e+01
6.518675576488691092e+01
6.514960320560460616e+01
6.535411626486802561e+01
6.495558975344592056e+01
6.488232074940847838e+01
6.511168240268393959e+01
6.499841576004213550e+01
6.487961563155758427e+01
6.496360801489211667e+01
6.442222385913471783e+01
6.504705553408814467e+01
6.504113433327964344e+01
6.479573920872735471e+01
6.491330974282391253e+01
6.435230742991343789e+01
6.439080125337852678e+01
6.396269743975487643e+01
6.387984949440642168e+01
6.418426809411349154e+01
6.475501191660220002e+01
6.422368333082681602e+01
6.409278776591391136e+01
6.396468405268490898e+01
6.363632264940181216e+01
6.321715732888026196e+01
6.329041116241278786e+01
6.372819468339914550e+01
6.401304973522458397e+01
6.341182021386852341e+01
6.391316130208420532e+01
6.368518851071144127e+01
6.337130772500678688e+01
6.276739354192692133e+01
6.367831008588664332e+01
6.360076271977764151e+01
6.327692094525244926e+01
6.329482894156905814e+01
6.249255555911817339e+01
6.302159741334006782e+01
6.264646573498858828e+01
6.195324218656477910e+01
6.126469151942541913e+01
6.227754848564853063e+01
6.164790248657111249e+01
6.184907201135752075e+01
6.164772259069075488e+01
6.105681911470948364e+01
6.151708701239524402e+01
6.164396437954305696e+01
6.106112439781777823e+01
6.034605862417781452e+01
6.030177512783611604e+01
5.955224503192009422e+01
6.002211132333128774e+01
5.954634822047419362e+01
5.959115224664977006e+01
5.929901213418728645e+01
5.990235682681090879e+01
5.931854119857008811e+01
5.974836077183837801e+01
6.004629813792574566e+01
6.011095753578885592e+01
5.987277191878467875e+01
5.999970575252211802e+01
6.035600154361397074e+01
5.982408935748385659e+01
6.065498247076016014e+01
6.001813780639247398e+01
6.022729142445323447e+01
5.964765931778977404e+01
5.964862267635052007e+01
5.931101609401675034e+01
5.900745755257342751e+01
5.853496097422735289e+01
5.878876270931568371e+01
5.893759939471310361e+01
5.839496139780592188e+01
5.806174422404983204e+01
5.836043893127874327e+01
5.762231460597362087e+01
5.805608277462799549e+01
5.714948337789460453e+01
5.735346341544305204e+01
5.758891677646801099e+01
5.663658320296683968e+01
5.609376499692599083e+01
5.638622540970426655e+01
5.647061058493444108e+01
5.644905146265877960e+01
5.667252408598589852e+01
5.639132631038101806e+01
5.640974919325579862e+01
5.596430474658984622e+01
5.641251925289928693e+01
5.592912476263564514e+01
5.578218259135442736e+01
5.608225816934604779e+01
5.573815961736362112e+01
5.504714366932989833e+01
5.488849664981273691e+01
5.575798274568477808e+01
5.503118108116789386e+01
5.579348380183047595e+01
5.542046312663668317e+01
5.485646304228511383e+01
5.463342481907276493e+01
5.439009086915221758e+01
5.470731990305338144e+01
5.463229226129217864e+01
5.379926478687360714e+01
5.297323270334931067e+01
5.383162037907340647e+01
5.397321658823636170e+01
5.391146982044089953e+01
5.405427375253081124e+01
5.380362296468324246e+01
5.381732360873542120e+01
5.446508941447754637e+01
5.366516626847755589e+01
5.390488506769036547e+01
5.391169503213343717e+01
5.288730010216698929e+01
5.294318875202473862e+01
5.269276566669200434e+01
5.287269340846823695e+01
5.344980136767665613e+01
5.318890333891078370e+01
5.368835653075557701e+01
5.260737523878495381e+01
5.282014479249879457e+01
5.260827114118026770e+01
5.258645698330150253e+01
5.211132830711694908e+01
5.186520292968531720e+01
5.147863345899455112e+01
5.138560696908935199e+01
5.180156607127852908e+01
5.223073012264649151e+01
5.112047099520486171e+01
5.048146148277301393e+01
5.088081302462461508e+01
5.088807347495447431e+01
5.028991345439093408e+01
5.037501493173092371e+01
5.098286784701016927e+01
5.083382078684311267e+01
5.084975050075546932e+01
5.054092500914152453e+01
5.068431338138104536e+01
4.989783634530189005e+01
5.073805010257785142e+01
5.021650447368553927e+01
4.972748718419765623e+01
5.054856755603813667e+01
5.033843384430318935e+01
5.081254093416789175e+01
5.081280428161688434e+01
5.025101858573169977e+01
5.060268152527592633e+01
5.004414922908854635e+01
4.983367382255892863e+01
5.046050394805542538e+01
5.018406638902889938e+01
4.977259449989571749e+01
5.012902223427900594e+01
4.924771477639905726e+01
4.966355214591116862e+01
5.018614332788850163e+01
5.034360075130836520e+01
5.013627480064630504e+01
4.888387559577273578e+01
4.917767936514901805e+01
4.969873914609501497e+01
4.910679494078816276e+01
4.907445627580430170e+01
4.832448335555254459e+01
4.903754841442315637e+01
4.818237161750533915e+01
4.771177849190670628e+01
4.765923587456627786e+01
4.716839428287194380e+01
4.832862625068839435e+01
4.823006172264536673e+01
4.758368249541182848e+01
4.773094983137590930e+01
4.718640617144903615e+01
4.661090883280815689e+01
4.626479401781553236e+01
4.635008771205800571e+01
4.664836187363264486e+01
4.671330346800605327e+01
4.722884522386060269e+01
4.520332021896022212e+01
