abs offset [arcsec]
2.744848316324626936e+01
2.931090035117774306e+01
2.931478334131456620e+01
2.965774410961922314e+01
2.913226103892945673e+01
2.900963519412800551e+01
3.027711213216877795e+01
2.979767868051236945e+01
2.968146785283735412e+01
3.036188834698143069e+01
3.093409334515531484e+01
3.092139926217462076e+01
3.138290566280521787e+01
3.162867899902268576e+01
3.125153805685654618e+01
3.158061397312478746e+01
3.211829124927285051e+01
3.167911502803805135e+01
3.154074761509573221e+01
3.240322387653596081e+01
3.238788152447241231e+01
3.253162405479448438e+01
3.204847348247649563e+01
3.311956149265075311e+01
3.296658216175605105e+01
3.255785575442322255e+01
3.292080902425879430e+01
3.279154240761766204e+01
3.298158408339433834e+01
3.316737064630049048e+01
3.371643773375993902e+01
3.370389666633460735e+01
3.437702606198411814e+01
3.419810883703169679e+01
3.454219583406110416e+01
3.428627616175464254e+01
3.420948460698681259e+01
3.462118041045906125e+01
3.441885382005423821e+01
3.437024173135854710e+01
3.472883409666252419e+01
3.526858131037086252e+01
3.503258435035744611e+01
3.531901489776305425e+01
3.600574431912512097e+01
3.621514241589607508e+01
3.662955242143114987e+01
3.690734023944430930e+01
3.666921384060000833e+01
3.678781933823924533e+01
3.687738739111745190e+01
3.650302857451958971e+01
3.584415586796778541e+01
3.646912199615357508e+01
3.714182535937852236e+01
3.674553576044203140e+01
3.709289431418839911e+01
3.633467692438692609e+01
3.749037101694016627e+01
3.731255793023974121e+01
3.778597423242212017e+01
3.755257263109535870e+01
3.802558501392673662e+01
3.864124103744938310e+01
3.846744940938784652e+01
3.748791798231439287e+01
3.749430023574271331e+01
3.827267478660525768e+01
3.863534994688354374e+01
3.927106309094592973e+01
3.879407687960026863e+01
3.870442018396013140e+01
3.899949792087100064e+01
3.900819887207037340e+01
3.919537208366634218e+01
3.880472276858275649e+01
3.926373370364395043e+01
3.950701833097299698e+01
3.948708750934574851e+01
4.009078206364587516e+01
4.064457827544305246e+01
4.104841146126208429e+01
4.036126393031316439e+01
4.063739007069899145e+01
4.139842798143460811e+01
4.147772293623859241e+01
4.157711211251243810e+01
4.134331689211610694e+01
4.165506568709016477e+01
4.156512709124640281e+01
4.166931371622322189e+01
4.203968879369367073e+01
4.163537808082338643e+01
4.198349906133418585e+01
4.169922479733253340e+01
4.151604446788972069e+01
4.219767818327280651e+01
4.244154819967509695e+01
4.272225720189359066e+01
4.200456979462598639e+01
4.322343732550951501e+01
4.334646135269063905e+01
4.417837386283385825e+01
4.497979953863938363e+01
4.412882402291153738e+01
4.418136564800862942e+01
4.487366380949612932e+01
4.569190680373874613e+01
4.555996435983757209e+01
4.537916391419936701e+01
4.601481013744432857e+01
4.597967328223737127e+01
4.676630190644718965e+01
4.653577148937088026e+01
4.622768207278419084e+01
4.596783899248453764e+01
4.615664293441722776e+01
4.586772359736085747e+01
4.611496566115459217e+01
4.600697480338570244e+01
4.519351444095481440e+01
4.621621363009788297e+01
4.625091170938551954e+01
4.642001555108449651e+01
4.668618876504806536e+01
4.716209062004999453e+01
4.733435094389570708e+01
4.729180130941924176e+01
4.764863829395139305e+01
4.771056867611508778e+01
4.729481629729183112e+01
4.719330597763568136e+01
4.795815896001263212e+01
4.863839021584923472e+01
4.881433564631614530e+01
4.913560689848888074e+01
4.890350663952130361e+01
4.871096256783945222e+01
4.943441560262244394e+01
4.964037067279504356e+01
4.934864858971923951e+01
4.967128954016652642e+01
4.932470043257482217e+01
4.999796429485279248e+01
5.037638232214771961e+01
4.926673774889938073e+01
4.986122370659006009e+01
4.983114951815372251e+01
5.123220182036350678e+01
5.099287962156787302e+01
5.095620064068760513e+01
5.202201438307416481e+01
5.155410036964752862e+01
5.192640273169048726e+01
5.110787869235684155e+01
5.099962962902709762e+01
5.069576096882202165e+01
5.155121632104672358e+01
5.229311161865509661e+01
5.109565118007614615e+01
5.206737767075252776e+01
5.134993242133223390e+01
5.157985084038681123e+01
5.149551803817357154e+01
5.186749201117392971e+01
5.298752138213017560e+01
5.290704686209049612e+01
5.273961881069292446e+01
5.236041647650134223e+01
5.218086796848837849e+01
5.234103937887240932e+01
5.240764662772656379e+01
5.245295642357019972e+01
5.351992510589736440e+01
5.427255443394460599e+01
5.387466672964336567e+01
5.464866623306652116e+01
5.355101566378478850e+01
5.401738905913217792e+01
5.436990426532487675e+01
5.480999815805463982e+01
5.424113293669478963e+01
5.393530757826049893e+01
5.371231677439404706e+01
5.348479552714061924e+01
5.273768399394305106e+01
5.265933154087507972e+01
5.436225121280001815e+01
5.432759048254778378e+01
5.525667377283085813e+01
5.497094581352391174e+01
5.492585514289946502e+01
5.536147160347935881e+01
5.524009492721032188e+01
5.477850579214307913e+01
5.597516536297403889e+01
5.656005456552992428e+01
5.728842986534346693e+01
5.709486127685661927e+01
5.690309242471491302e+01
5.716031518893886698e+01
5.686792653116378915e+01
5.742123379127782812e+01
5.740943654841201749e+01
5.770378898077380114e+01
5.787024703744913268e+01
5.651712777625751016e+01
5.694711542749533351e+01
5.714328600091096177e+01
5.751521742320417019e+01
5.839334050718873215e+01
5.879390320394592351e+01
5.854089503081551271e+01
5.875549050630841919e+01
5.841380059519694612e+01
5.859886947201994900e+01
5.882381473441333242e+01
5.822095281580376991e+01
5.845377868448355230e+01
5.799038500420193998e+01
5.806085259710404500e+01
5.779607865759545149e+01
5.794071868539165138e+01
5.878320539009726531e+01
5.944187687570149592e+01
5.909510831683169130e+01
5.951132385093739430e+01
6.037441007734663145e+01
6.004780363097314932e+01
5.927217591767069393e+01
5.964689964574834136e+01
6.016143896974367067e+01
6.046016770313575250e+01
6.077040650659354526e+01
6.024687653995097492e+01
5.959547196055600438e+01
5.990980679700172118e+01
5.990934415163155791e+01
5.954699329143627295e+01
6.026244557617997089e+01
6.197075183864466652e+01
6.156988692177645817e+01
6.115841616144374626e+01
6.122927118832912186e+01
6.114042143601524515e+01
6.189418065161700611e+01
6.200439887554247065e+01
6.224183540214705346e+01
6.134027589663632085e+01
6.211466861183693311e+01
6.214413283675970945e+01
6.239679471850471515e+01
6.190308074697143326e+01
6.113767660203028242e+01
6.139861266010681362e+01
6.194206322519228536e+01
6.201856601962511206e+01
6.340723776358156272e+01
6.367780001877327578e+01
6.303730093164259074e+01
6.400777348925373644e+01
6.330424416415479527e+01
6.332276924394223983e+01
6.335359898083838459e+01
6.445703676060851706e+01
6.401129187563736878e+01
6.353911189696385975e+01
6.354217485206483929e+01
6.375733494206654939e+01
6.435116823982693290e+01
6.424009275606411506e+01
6.368653747288817613e+01
6.359572452758608563e+01
6.439272038904816498e+01
6.526382802165200303e+01
6.468012878264092080e+01
6.481814758163710621e+01
6.501197438292446407e+01
6.519193254114479430e+01
6.472788304868574016e+01
6.439040826474443691e+01
6.531957987066141413e+01
6.556008695157906629e+01
6.617428289711391187e+01
6.583560423584241050e+01
6.559673085331236564e+01
6.457454272445460219e+01
6.498067643642710323e+01
6.542492468219165858e+01
6.603658332941046183e+01
6.561443239989358744e+01
6.582578766414916061e+01
6.599856991782164073e+01
6.525514795745111485e+01
6.568499518629455736e+01
6.623184305908411318e+01
6.652876938053819345e+01
6.656009275385919466e+01
6.638344685720231553e+01
6.647007467814663073e+01
6.527574421027036067e+01
6.583783681279621192e+01
6.570863503723475674e+01
6.597565671811430832e+01
6.607592019220004431e+01
6.593868034545496926e+01
6.577429305506859691e+01
6.587988010020654883e+01
6.620059457193109154e+01
6.661988002293749389e+01
6.640989933139758250e+01
6.619435148198900265e+01
6.629143965587066134e+01
6.611928453848038600e+01
6.645930411518384062e+01
6.657558881313968868e+01
6.706655121614322468e+01
6.691028594609468882e+01
6.680947252096810018e+01
6.672679693440923643e+01
