# abs offset [arcsec]
2.451123799640191692e+01
2.460144250492242435e+01
2.367686162221887614e+01
2.235065740781756816e+01
2.205607220975977256e+01
2.195813461301711911e+01
2.075974206230012697e+01
2.083544091069535398e+01
2.032618383363509551e+01
1.975713976059867250e+01
1.932418856210892955e+01
1.850401695564222138e+01
1.827217669598206840e+01
1.826398381806107807e+01
1.798268752318455910e+01
1.810339572552437204e+01
1.738872105144375269e+01
1.637163633817757002e+01
1.600085688280889329e+01
1.577130566129223865e+01
1.510951780767353547e+01
1.493398442244601121e+01
1.461337483180722963e+01
1.339990235279575614e+01
1.273215522658713894e+01
1.305415451290279805e+01
1.286921910589926377e+01
1.286351283692589931e+01
1.289675156429228586e+01
1.226541978042491365e+01
1.215918906376736430e+01
1.159342604143281363e+01
1.293243442298922474e+01
1.283245356353129729e+01
1.215781404381636932e+01
1.184846738169985159e+01
1.228204959607274560e+01
1.262576870260228112e+01
1.239486823182669362e+01
1.386439695006434292e+01
1.371459670746457427e+01
1.403228241440249491e+01
1.457898126708739106e+01
1.544515869798252616e+01
1.536424874599019219e+01
1.584684422101302381e+01
1.566910224358460901e+01
1.606360015769190142e+01
1.711020152771171965e+01
1.791465370273311208e+01
1.873850680965475490e+01
1.960016439694557633e+01
2.017171401955458521e+01
2.062261092563519682e+01
2.090871847758854329e+01
2.216068335617768881e+01
2.333662967645784647e+01
2.413170963245264744e+01
2.419622053023693198e+01
2.470469104019680984e+01
2.538920591399312343e+01
2.544806625384779153e+01
2.585238903756370021e+01
2.598422399828251983e+01
2.734524830034391485e+01
2.775493065216474164e+01
2.867933745921079591e+01
2.920762597877367384e+01
2.972182519122294764e+01
3.033610014920172659e+01
3.057236799716715225e+01
3.080065464717968027e+01
3.112787223444778917e+01
3.228234224299308153e+01
3.252297031075923428e+01
3.326626162537858278e+01
3.399244883229407321e+01
3.473638753214021335e+01
3.504564597396678494e+01
3.600755170638291247e+01
3.632614518446788310e+01
3.731339197271390873e+01
3.856807906790527340e+01
3.865355351112560101e+01
3.858000971004427981e+01
3.945422369521852346e+01
3.966820917516606215e+01
4.005899335036951214e+01
4.111541515656070089e+01
4.144944769213297775e+01
4.182495874456983387e+01
4.229238601460477298e+01
4.319784783390671379e+01
4.439789356174077284e+01
4.465571621860819818e+01
4.604939455566631068e+01
4.582182779626958080e+01
4.624882578507547493e+01
4.610694940376129836e+01
4.751278835508099974e+01
4.719318380071172925e+01
4.733546279607438834e+01
4.826237538886619660e+01
4.870229002680554231e+01
4.846798270198858916e+01
4.869052719108178451e+01
4.938805481434556555e+01
4.895359345704610377e+01
4.917274766854604451e+01
5.006681765253314609e+01
4.983081563449702855e+01
5.142374701593637809e+01
5.119619410598406972e+01
5.251514572928130775e+01
5.222272222995400170e+01
5.261345139482336464e+01
5.362228822354908431e+01
5.337518412791546041e+01
5.433849499488619017e+01
5.409263956865723344e+01
5.395215111111095041e+01
5.525287775141391222e+01
5.506843532013373732e+01
5.584604412939547302e+01
5.574576408408837125e+01
5.605177932693432297e+01
5.617942846062241813e+01
5.600895916212116532e+01
5.663019912673357936e+01
5.721390223359088623e+01
5.767157904897273824e+01
5.779521893107173725e+01
