# abs offset [arcsec]
1.665736573044330271e+02
1.682971983481380676e+02
1.692704506368897910e+02
1.706647854089208352e+02
1.718414704108258206e+02
1.730588587558332279e+02
1.748792449338749009e+02
1.755428205403165407e+02
1.770311841763257235e+02
1.775167367992883669e+02
1.794646447597872623e+02
1.795904299798984027e+02
1.810306363150016864e+02
1.829015033752890531e+02
1.834906044936044793e+02
1.834456024800955447e+02
1.850769334032040376e+02
1.856788809806915026e+02
1.854265888151073511e+02
1.871857187848450224e+02
1.876964923756197550e+02
1.883802805127893123e+02
1.895752606656420767e+02
1.899681393123941859e+02
1.910969172664350140e+02
1.920268683512547625e+02
1.913791707039449079e+02
1.922181364839813398e+02
1.929387557529103390e+02
1.926040555578125861e+02
1.938020604453854787e+02
1.934465506397401953e+02
1.945004256484759537e+02
1.947360531316522270e+02
1.930906017188837609e+02
1.909049583589935537e+02
1.931438309253307182e+02
