       0.000000000       0.000000000       0.947687475       0.350911988    31045.208761574  99  8303   AzEl         1       1       1       1
       0.000000000       0.000000000       0.957198656       0.350104886    31045.208796296  99  8303   AzEl         1       1       1       1
       0.000000000       0.000000000       0.963456420       0.356058151    31045.208831019  99  8303   AzEl         1       1       1       1
       0.000000000       0.000000000       0.967608963       0.356159340    31045.208865741  99  8303   AzEl         1       1       1       1
       0.000000000       0.000000000       0.975006666       0.363760132    31045.208900463  99  8303   AzEl         1       1       1       1
       0.000000000       0.000000000       0.980514267       0.364699313    31045.208935185  99  8303   AzEl         1       1       1       1
       0.000000000       0.000000000       0.988868740       0.367959895    31045.208969907  99  8303   AzEl         1       1       1       1
       0.000000000       0.000000000       0.996548321       0.372680780    31045.209004630  99  8303   AzEl         1       1       1       1
       0.000000000       0.000000000       1.002855483       0.374996278    31045.209039352  99  8303   AzEl         1       1       1       1
       0.000000000       0.000000000       1.013064600       0.376114759    31045.209074074  99  8303   AzEl         1       1       1       1
       0.000000000       0.000000000       1.014369991       0.376566978    31045.209108796  99  8303   AzEl         1       1       1       1
       0.000000000       0.000000000       1.023752942       0.381234920    31045.209143519  99  8303   AzEl         1       1       1       1
       0.000000000       0.000000000       1.034119518       0.382287878    31045.209178241  99  8303   AzEl         1       1       1       1
       0.000000000       0.000000000       1.040217147       0.388154759    31045.209212963  99  8303   AzEl         1       1       1       1
       0.000000000       0.000000000       1.049148639       0.388267935    31045.209247685  99  8303   AzEl         1       1       1       1
       0.000000000       0.000000000       1.058302331       0.389457295    31045.209282407  99  8303   AzEl         1       1       1       1
       0.000000000       0.000000000       1.060911090       0.393213468    31045.209317130  99  8303   AzEl         1       1       1       1
       0.000000000       0.000000000       1.070341104       0.396660363    31045.209351852  99  8303   AzEl         1       1       1       1
       0.000000000       0.000000000       1.076654219       0.400541552    31045.209386574  99  8303   AzEl         1       1       1       1
       0.000000000       0.000000000       1.088647255       0.398733486    31045.209421296  99  8303   AzEl         1       1       1       1
       0.000000000       0.000000000       1.093613089       0.402955722    31045.209456019  99  8303   AzEl         1       1       1       1
       0.000000000       0.000000000       1.102372084       0.407357848    31045.209490741  99  8303   AzEl         1       1       1       1
       0.000000000       0.000000000       1.109589505       0.409319054    31045.209525463  99  8303   AzEl         1       1       1       1
       0.000000000       0.000000000       1.117519318       0.412134638    31045.209560185  99  8303   AzEl         1       1       1       1
       0.000000000       0.000000000       1.125469864       0.413334833    31045.209594907  99  8303   AzEl         1       1       1       1
       0.000000000       0.000000000       1.133201122       0.413080207    31045.209629630  99  8303   AzEl         1       1       1       1
       0.000000000       0.000000000       1.145046545       0.417891807    31045.209664352  99  8303   AzEl         1       1       1       1
       0.000000000       0.000000000       1.153032710       0.421206032    31045.209699074  99  8303   AzEl         1       1       1       1
       0.000000000       0.000000000       1.155605463       0.420491748    31045.209733796  99  8303   AzEl         1       1       1       1
       0.000000000       0.000000000       1.170193790       0.422924639    31045.209768519  99  8303   AzEl         1       1       1       1
       0.000000000       0.000000000       1.171885820       0.431852002    31045.209803241  99  8303   AzEl         1       1       1       1
       0.000000000       0.000000000       1.184181811       0.429961625    31045.209837963  99  8303   AzEl         1       1       1       1
       0.000000000       0.000000000       1.191881743       0.428915898    31045.209872685  99  8303   AzEl         1       1       1       1
       0.000000000       0.000000000       1.201707837       0.435462092    31045.209907407  99  8303   AzEl         1       1       1       1
       0.000000000       0.000000000       1.211533783       0.434799600    31045.209942130  99  8303   AzEl         1       1       1       1
       0.000000000       0.000000000       1.219271402       0.438087641    31045.209976852  99  8303   AzEl         1       1       1       1
       0.000000000       0.000000000       1.228182600       0.443282538    31045.210011574  99  8303   AzEl         1       1       1       1
       0.000000000       0.000000000       1.235452746       0.439643056    31045.210046296  99  8303   AzEl         1       1       1       1
       0.000000000       0.000000000       1.243866028       0.444635697    31045.210081019  99  8303   AzEl         1       1       1       1
       0.000000000       0.000000000       1.256588574       0.445730626    31045.210115741  99  8303   AzEl         1       1       1       1
       0.000000000       0.000000000       1.262059672       0.447617807    31045.210150463  99  8303   AzEl         1       1       1       1
       0.000000000       0.000000000       1.270058003       0.450000906    31045.210185185  99  8303   AzEl         1       1       1       1
       0.000000000       0.000000000       1.283644713       0.450923502    31045.210219907  99  8303   AzEl         1       1       1       1
       0.000000000       0.000000000       1.292589848       0.450476446    31045.210254630  99  8303   AzEl         1       1       1       1
       0.000000000       0.000000000       1.299619075       0.454759848    31045.210289352  99  8303   AzEl         1       1       1       1
       0.000000000       0.000000000       1.310878664       0.456345585    31045.210324074  99  8303   AzEl         1       1       1       1
       0.000000000       0.000000000       1.318695782       0.459352486    31045.210358796  99  8303   AzEl         1       1       1       1
       0.000000000       0.000000000       1.328520767       0.462715151    31045.210393519  99  8303   AzEl         1       1       1       1
       0.000000000       0.000000000       1.338526512       0.460738787    31045.210428241  99  8303   AzEl         1       1       1       1
       0.000000000       0.000000000       1.350395541       0.462231890    31045.210462963  99  8303   AzEl         1       1       1       1
       0.000000000       0.000000000       1.358699279       0.464680197    31045.210497685  99  8303   AzEl         1       1       1       1
       0.000000000       0.000000000       1.363885391       0.462452910    31045.210532407  99  8303   AzEl         1       1       1       1
       0.000000000       0.000000000       1.377654696       0.466808707    31045.210567130  99  8303   AzEl         1       1       1       1
       0.000000000       0.000000000       1.386104224       0.467802499    31045.210601852  99  8303   AzEl         1       1       1       1
       0.000000000       0.000000000       1.395022539       0.471033473    31045.210636574  99  8303   AzEl         1       1       1       1
       0.000000000       0.000000000       1.405305122       0.469521184    31045.210671296  99  8303   AzEl         1       1       1       1
       0.000000000       0.000000000       1.415436487       0.471661528    31045.210706019  99  8303   AzEl         1       1       1       1
       0.000000000       0.000000000       1.424783567       0.478152951    31045.210740741  99  8303   AzEl         1       1       1       1
       0.000000000       0.000000000       1.435306798       0.473737473    31045.210775463  99  8303   AzEl         1       1       1       1
       0.000000000       0.000000000       1.438997976       0.469246506    31045.210810185  99  8303   AzEl         1       1       1       1
       0.000000000       0.000000000       1.455134334       0.475261594    31045.210844907  99  8303   AzEl         1       1       1       1
       0.000000000       0.000000000       1.460573302       0.476705897    31045.210879630  99  8303   AzEl         1       1       1       1
       0.000000000       0.000000000       1.473685547       0.474165864    31045.210914352  99  8303   AzEl         1       1       1       1
       0.000000000       0.000000000       1.486093990       0.477798177    31045.210949074  99  8303   AzEl         1       1       1       1
       0.000000000       0.000000000       1.492912472       0.480332511    31045.210983796  99  8303   AzEl         1       1       1       1
       0.000000000       0.000000000       1.505550517       0.475993440    31045.211018519  99  8303   AzEl         1       1       1       1
       0.000000000       0.000000000       1.512235497       0.480559963    31045.211053241  99  8303   AzEl         1       1       1       1
       0.000000000       0.000000000       1.523244040       0.477489668    31045.211087963  99  8303   AzEl         1       1       1       1
       0.000000000       0.000000000       1.534685919       0.483224152    31045.211122685  99  8303   AzEl         1       1       1       1
       0.000000000       0.000000000       1.546313391       0.479570988    31045.211157407  99  8303   AzEl         1       1       1       1
       0.000000000       0.000000000       1.555271888       0.483051932    31045.211192130  99  8303   AzEl         1       1       1       1
       0.000000000       0.000000000       1.562123985       0.480754577    31045.211226852  99  8303   AzEl         1       1       1       1
       0.000000000       0.000000000       1.570520286       0.482150006    31045.211261574  99  8303   AzEl         1       1       1       1
       0.000000000       0.000000000       1.583727799       0.481520544    31045.211296296  99  8303   AzEl         1       1       1       1
       0.000000000       0.000000000       1.593760527       0.480850055    31045.211331019  99  8303   AzEl         1       1       1       1
       0.000000000       0.000000000       1.604884009       0.481962998    31045.211365741  99  8303   AzEl         1       1       1       1
       0.000000000       0.000000000       1.613403660       0.486247298    31045.211400463  99  8303   AzEl         1       1       1       1
       0.000000000       0.000000000       1.624774201       0.485106140    31045.211435185  99  8303   AzEl         1       1       1       1
       0.000000000       0.000000000       1.635683977       0.479093118    31045.211469907  99  8303   AzEl         1       1       1       1
       0.000000000       0.000000000       1.644693561       0.481625315    31045.211504630  99  8303   AzEl         1       1       1       1
       0.000000000       0.000000000       1.653581809       0.480719683    31045.211539352  99  8303   AzEl         1       1       1       1
       0.000000000       0.000000000       1.661936454       0.482285905    31045.211574074  99  8303   AzEl         1       1       1       1
       0.000000000       0.000000000       1.674346035       0.480199918    31045.211608796  99  8303   AzEl         1       1       1       1
       0.000000000       0.000000000       1.681702889       0.481433718    31045.211643519  99  8303   AzEl         1       1       1       1
       0.000000000       0.000000000       1.693771652       0.480945442    31045.211678241  99  8303   AzEl         1       1       1       1
       0.000000000       0.000000000       1.703582446       0.480878989    31045.211712963  99  8303   AzEl         1       1       1       1
       0.000000000       0.000000000       1.713696853       0.480152861    31045.211747685  99  8303   AzEl         1       1       1       1
       0.000000000       0.000000000       1.724163549       0.480460503    31045.211782407  99  8303   AzEl         1       1       1       1
       0.000000000       0.000000000       1.734988593       0.477429450    31045.211817130  99  8303   AzEl         1       1       1       1
       0.000000000       0.000000000       1.743898755       0.478306056    31045.211851852  99  8303   AzEl         1       1       1       1
       0.000000000       0.000000000       1.756480860       0.475633170    31045.211886574  99  8303   AzEl         1       1       1       1
       0.000000000       0.000000000       1.763583608       0.474883696    31045.211921296  99  8303   AzEl         1       1       1       1
       0.000000000       0.000000000       1.773432234       0.473651159    31045.211956019  99  8303   AzEl         1       1       1       1
       0.000000000       0.000000000       1.784716632       0.472934132    31045.211990741  99  8303   AzEl         1       1       1       1
       0.000000000       0.000000000       1.790967571       0.477107455    31045.212025463  99  8303   AzEl         1       1       1       1
       0.000000000       0.000000000       1.799258764       0.473018274    31045.212060185  99  8303   AzEl         1       1       1       1
       0.000000000       0.000000000       1.810123741       0.469327293    31045.212094907  99  8303   AzEl         1       1       1       1
       0.000000000       0.000000000       1.829912236       0.468492467    31045.212129630  99  8303   AzEl         1       1       1       1
       0.000000000       0.000000000       1.830312391       0.468056978    31045.212164352  99  8303   AzEl         1       1       1       1
       0.000000000       0.000000000       1.839512644       0.467792367    31045.212199074  99  8303   AzEl         1       1       1       1
       0.000000000       0.000000000       1.851773448       0.463945118    31045.212233796  99  8303   AzEl         1       1       1       1
       0.000000000       0.000000000       1.858731181       0.467018535    31045.212268519  99  8303   AzEl         1       1       1       1
       0.000000000       0.000000000       1.872211048       0.461977690    31045.212303241  99  8303   AzEl         1       1       1       1
       0.000000000       0.000000000       1.879057354       0.459884332    31045.212337963  99  8303   AzEl         1       1       1       1
       0.000000000       0.000000000       1.890888651       0.458717791    31045.212372685  99  8303   AzEl         1       1       1       1
       0.000000000       0.000000000       1.896044570       0.461139241    31045.212407407  99  8303   AzEl         1       1       1       1
       0.000000000       0.000000000       1.908394902       0.456618763    31045.212442130  99  8303   AzEl         1       1       1       1
       0.000000000       0.000000000       1.918021370       0.457121714    31045.212476852  99  8303   AzEl         1       1       1       1
       0.000000000       0.000000000       1.923807662       0.450171900    31045.212511574  99  8303   AzEl         1       1       1       1
       0.000000000       0.000000000       1.935467014       0.451322233    31045.212546296  99  8303   AzEl         1       1       1       1
       0.000000000       0.000000000       1.946607388       0.448635551    31045.212581019  99  8303   AzEl         1       1       1       1
       0.000000000       0.000000000       1.955721682       0.449322133    31045.212615741  99  8303   AzEl         1       1       1       1
       0.000000000       0.000000000       1.964453664       0.445165752    31045.212650463  99  8303   AzEl         1       1       1       1
       0.000000000       0.000000000       1.971857130       0.441840368    31045.212685185  99  8303   AzEl         1       1       1       1
       0.000000000       0.000000000       1.981782788       0.441009976    31045.212719907  99  8303   AzEl         1       1       1       1
       0.000000000       0.000000000       1.991523230       0.441814239    31045.212754630  99  8303   AzEl         1       1       1       1
       0.000000000       0.000000000       1.996809327       0.439295268    31045.212789352  99  8303   AzEl         1       1       1       1
       0.000000000       0.000000000       2.007607109       0.436119580    31045.212824074  99  8303   AzEl         1       1       1       1
       0.000000000       0.000000000       2.015321252       0.435542741    31045.212858796  99  8303   AzEl         1       1       1       1
       0.000000000       0.000000000       2.025944234       0.434730208    31045.212893519  99  8303   AzEl         1       1       1       1
       0.000000000       0.000000000       2.034747872       0.428687103    31045.212928241  99  8303   AzEl         1       1       1       1
       0.000000000       0.000000000       2.037558759       0.426350152    31045.212962963  99  8303   AzEl         1       1       1       1
       0.000000000       0.000000000       2.045699100       0.425140959    31045.212997685  99  8303   AzEl         1       1       1       1
       0.000000000       0.000000000       2.057731668       0.422920553    31045.213032407  99  8303   AzEl         1       1       1       1
       0.000000000       0.000000000       2.069143061       0.419804318    31045.213067130  99  8303   AzEl         1       1       1       1
       0.000000000       0.000000000       2.074940972       0.416578679    31045.213101852  99  8303   AzEl         1       1       1       1
       0.000000000       0.000000000       2.081458033       0.416537863    31045.213136574  99  8303   AzEl         1       1       1       1
       0.000000000       0.000000000       2.091809423       0.416875721    31045.213171296  99  8303   AzEl         1       1       1       1
       0.000000000       0.000000000       2.095792617       0.410420260    31045.213206019  99  8303   AzEl         1       1       1       1
       0.000000000       0.000000000       2.108986656       0.410736313    31045.213240741  99  8303   AzEl         1       1       1       1
       0.000000000       0.000000000       2.114581612       0.405482942    31045.213275463  99  8303   AzEl         1       1       1       1
       0.000000000       0.000000000       2.124100599       0.403924499    31045.213310185  99  8303   AzEl         1       1       1       1
       0.000000000       0.000000000       2.130975010       0.404542915    31045.213344907  99  8303   AzEl         1       1       1       1
       0.000000000       0.000000000       2.139780862       0.399724834    31045.213379630  99  8303   AzEl         1       1       1       1
       0.000000000       0.000000000       2.143893186       0.393845066    31045.213414352  99  8303   AzEl         1       1       1       1
       0.000000000       0.000000000       2.155550312       0.394712158    31045.213449074  99  8303   AzEl         1       1       1       1
       0.000000000       0.000000000       2.159466805       0.389408995    31045.213483796  99  8303   AzEl         1       1       1       1
       0.000000000       0.000000000       2.169059571       0.393729408    31045.213518519  99  8303   AzEl         1       1       1       1
       0.000000000       0.000000000       2.178464174       0.387386647    31045.213553241  99  8303   AzEl         1       1       1       1
       0.000000000       0.000000000       2.183426325       0.382004602    31045.213587963  99  8303   AzEl         1       1       1       1
       0.000000000       0.000000000       2.190754355       0.381174966    31045.213622685  99  8303   AzEl         1       1       1       1
       0.000000000       0.000000000       2.198157484       0.379867288    31045.213657407  99  8303   AzEl         1       1       1       1
       0.000000000       0.000000000       2.207845502       0.377044480    31045.213692130  99  8303   AzEl         1       1       1       1
       0.000000000       0.000000000       2.215604416       0.370791172    31045.213726852  99  8303   AzEl         1       1       1       1
       0.000000000       0.000000000       2.223276140       0.371883341    31045.213761574  99  8303   AzEl         1       1       1       1
       0.000000000       0.000000000       2.227893683       0.367068019    31045.213796296  99  8303   AzEl         1       1       1       1
       0.000000000       0.000000000       2.239793895       0.367882458    31045.213831019  99  8303   AzEl         1       1       1       1
       0.000000000       0.000000000       2.244764388       0.359131106    31045.213865741  99  8303   AzEl         1       1       1       1
       0.000000000       0.000000000       2.250907577       0.359509449    31045.213900463  99  8303   AzEl         1       1       1       1
       0.000000000       0.000000000       2.251467052       0.360109785    31045.213935185  99  8303   AzEl         1       1       1       1
       0.000000000       0.000000000       2.261771577       0.353160581    31045.213969907  99  8303   AzEl         1       1       1       1
       0.000000000       0.000000000       2.269222547       0.354216276    31045.214004630  99  8303   AzEl         1       1       1       1
