0   -938.67391    647.85498   7081.62404   2.4724184   7.1068370  -0.3179515 2026 01 14 04 51 07.73
0   -913.84817    718.86937   7078.06306   2.4926809   7.0959083  -0.3942361 2026 01 14 04 51 17.73
0   -888.82122    789.77054   7073.73946   2.5126602   7.0841917  -0.4704774 2026 01 14 04 51 27.73
0   -863.59591    860.55060   7068.65368   2.5323531   7.0716886  -0.5466672 2026 01 14 04 51 37.73
0   -838.17511    931.20171   7062.80631   2.5517562   7.0584008  -0.6227972 2026 01 14 04 51 47.73
0   -812.56174   1001.71603   7056.19796   2.5708665   7.0443304  -0.6988595 2026 01 14 04 51 57.73
0   -786.75875   1072.08574   7048.82937   2.5896807   7.0294790  -0.7748457 2026 01 14 04 52 07.73
0   -760.76911   1142.30304   7040.70132   2.6081956   7.0138489  -0.8507479 2026 01 14 04 52 17.73
0   -734.59582   1212.36015   7031.81471   2.6264083   6.9974421  -0.9265579 2026 01 14 04 52 27.73
0   -708.24194   1282.24931   7022.17049   2.6443155   6.9802607  -1.0022676 2026 01 14 04 52 37.73
0   -681.71052   1351.96281   7011.76971   2.6619144   6.9623072  -1.0778690 2026 01 14 04 52 47.73
0   -655.00466   1421.49291   7000.61349   2.6792018   6.9435838  -1.1533538 2026 01 14 04 52 57.73
0   -628.12751   1490.83194   6988.70303   2.6961748   6.9240929  -1.2287141 2026 01 14 04 53 07.73
0   -601.08220   1559.97224   6976.03963   2.7128306   6.9038373  -1.3039418 2026 01 14 04 53 17.73
0   -573.87193   1628.90616   6962.62465   2.7291661   6.8828194  -1.3790289 2026 01 14 04 53 27.73
0   -546.49993   1697.62611   6948.45954   2.7451786   6.8610419  -1.4539673 2026 01 14 04 53 37.73
0   -518.96942   1766.12449   6933.54581   2.7608653   6.8385077  -1.5287490 2026 01 14 04 53 47.73
0   -491.28368   1834.39377   6917.88509   2.7762233   6.8152197  -1.6033660 2026 01 14 04 53 57.73
0   -463.44603   1902.42640   6901.47905   2.7912500   6.7911807  -1.6778104 2026 01 14 04 54 07.73
0   -435.45977   1970.21490   6884.32946   2.8059426   6.7663938  -1.7520741 2026 01 14 04 54 17.73
0   -407.32826   2037.75181   6866.43818   2.8202985   6.7408622  -1.8261492 2026 01 14 04 54 27.73
0   -379.05489   2105.02969   6847.80711   2.8343150   6.7145890  -1.9000279 2026 01 14 04 54 37.73
0   -350.64307   2172.04114   6828.43828   2.8479896   6.6875775  -1.9737021 2026 01 14 04 54 47.73
0   -322.09621   2238.77880   6808.33375   2.8613198   6.6598311  -2.0471640 2026 01 14 04 54 57.73
0   -293.41779   2305.23534   6787.49570   2.8743031   6.6313533  -2.1204058 2026 01 14 04 55 07.73
0   -264.61128   2371.40345   6765.92637   2.8869369   6.6021475  -2.1934196 2026 01 14 04 55 17.73
0   -235.68019   2437.27588   6743.62807   2.8992190   6.5722174  -2.2661976 2026 01 14 04 55 27.73
0   -206.62804   2502.84541   6720.60320   2.9111468   6.5415667  -2.3387319 2026 01 14 04 55 37.73
0   -177.45840   2568.10484   6696.85424   2.9227182   6.5101991  -2.4110149 2026 01 14 04 55 47.73
0   -148.17483   2633.04702   6672.38373   2.9339307   6.4781185  -2.4830387 2026 01 14 04 55 57.73
0   -118.78094   2697.66485   6647.19431   2.9447823   6.4453287  -2.5547957 2026 01 14 04 56 07.73
0    -89.28035   2761.95125   6621.28869   2.9552706   6.4118339  -2.6262782 2026 01 14 04 56 17.73
0    -59.67671   2825.89919   6594.66965   2.9653935   6.3776380  -2.6974785 2026 01 14 04 56 27.73
0    -29.97367   2889.50169   6567.34005   2.9751489   6.3427453  -2.7683889 2026 01 14 04 56 37.73
0     -0.17492   2952.75179   6539.30282   2.9845348   6.3071599  -2.8390020 2026 01 14 04 56 47.73
0     29.71584   3015.64260   6510.56098   2.9935491   6.2708862  -2.9093100 2026 01 14 04 56 57.73
0     59.69487   3078.16724   6481.11762   3.0021898   6.2339286  -2.9793054 2026 01 14 04 57 07.73
0     89.75843   3140.31890   6450.97589   3.0104551   6.1962914  -3.0489808 2026 01 14 04 57 17.73
0    119.90276   3202.09082   6420.13904   3.0183430   6.1579794  -3.1183287 2026 01 14 04 57 27.73
0    150.12407   3263.47625   6388.61038   3.0258518   6.1189970  -3.1873416 2026 01 14 04 57 37.73
0    180.41857   3324.46853   6356.39330   3.0329795   6.0793490  -3.2560121 2026 01 14 04 57 47.73
0    210.78244   3385.06103   6323.49125   3.0397246   6.0390401  -3.3243328 2026 01 14 04 57 57.73
0    241.21183   3445.24714   6289.90778   3.0460852   5.9980751  -3.3922964 2026 01 14 04 58 07.73
0    271.70290   3505.02035   6255.64648   3.0520598   5.9564590  -3.4598956 2026 01 14 04 58 17.73
0    302.25178   3564.37416   6220.71104   3.0576467   5.9141967  -3.5271231 2026 01 14 04 58 27.73
0    332.85459   3623.30214   6185.10522   3.0628444   5.8712933  -3.5939718 2026 01 14 04 58 37.73
0    363.50742   3681.79789   6148.83283   3.0676514   5.8277539  -3.6604343 2026 01 14 04 58 47.73
0    394.20636   3739.85510   6111.89778   3.0720663   5.7835836  -3.7265036 2026 01 14 04 58 57.73
0    424.94748   3797.46746   6074.30403   3.0760876   5.7387878  -3.7921725 2026 01 14 04 59 07.73
0    455.72684   3854.62877   6036.05562   3.0797140   5.6933718  -3.8574340 2026 01 14 04 59 17.73
0    486.54049   3911.33283   5997.15666   3.0829441   5.6473409  -3.9222810 2026 01 14 04 59 27.73
0    517.38445   3967.57353   5957.61133   3.0857768   5.6007006  -3.9867067 2026 01 14 04 59 37.73
0    548.25475   4023.34480   5917.42388   3.0882108   5.5534565  -4.0507039 2026 01 14 04 59 47.73
0    579.14738   4078.64064   5876.59862   3.0902450   5.5056141  -4.1142659 2026 01 14 04 59 57.73
0    610.05836   4133.45508   5835.13995   3.0918783   5.4571792  -4.1773858 2026 01 14 05 00 07.73
0    640.98366   4187.78224   5793.05233   3.0931096   5.4081573  -4.2400567 2026 01 14 05 00 17.73
0    671.91926   4241.61626   5750.34026   3.0939379   5.3585545  -4.3022720 2026 01 14 05 00 27.73
0    702.86112   4294.95138   5707.00835   3.0943623   5.3083764  -4.3640249 2026 01 14 05 00 37.73
0    733.80520   4347.78186   5663.06124   3.0943818   5.2576290  -4.4253087 2026 01 14 05 00 47.73
0    764.74745   4400.10204   5618.50367   3.0939957   5.2063183  -4.4861168 2026 01 14 05 00 57.73
0    795.68381   4451.90632   5573.34043   3.0932031   5.1544504  -4.5464428 2026 01 14 05 01 07.73
0    826.61020   4503.18917   5527.57636   3.0920034   5.1020314  -4.6062799 2026 01 14 05 01 17.73
0    857.52256   4553.94509   5481.21639   3.0903957   5.0490673  -4.6656219 2026 01 14 05 01 27.73
0    888.41680   4604.16867   5434.26550   3.0883796   4.9955646  -4.7244622 2026 01 14 05 01 37.73
0    919.28884   4653.85456   5386.72875   3.0859543   4.9415294  -4.7827945 2026 01 14 05 01 47.73
0    950.13457   4702.99745   5338.61124   3.0831194   4.8869681  -4.8406126 2026 01 14 05 01 57.73
0    980.94990   4751.59213   5289.91814   3.0798743   4.8318871  -4.8979101 2026 01 14 05 02 07.73
0   1011.73073   4799.63342   5240.65470   3.0762188   4.7762928  -4.9546808 2026 01 14 05 02 17.73
0   1042.47295   4847.11624   5190.82621   3.0721523   4.7201919  -5.0109186 2026 01 14 05 02 27.73
0   1073.17245   4894.03553   5140.43802   3.0676747   4.6635908  -5.0666175 2026 01 14 05 02 37.73
0   1103.82511   4940.38634   5089.49558   3.0627855   4.6064963  -5.1217714 2026 01 14 05 02 47.73
0   1134.42683   4986.16377   5038.00434   3.0574847   4.5489149  -5.1763742 2026 01 14 05 02 57.73
0   1164.97347   5031.36297   4985.96985   3.0517721   4.4908535  -5.2304202 2026 01 14 05 03 07.73
0   1195.46093   5075.97919   4933.39771   3.0456475   4.4323188  -5.2839034 2026 01 14 05 03 17.73
0   1225.88509   5120.00772   4880.29358   3.0391109   4.3733177  -5.3368181 2026 01 14 05 03 27.73
0   1256.24182   5163.44393   4826.66316   3.0321624   4.3138571  -5.3891584 2026 01 14 05 03 37.73
0   1286.52700   5206.28327   4772.51224   3.0248020   4.2539439  -5.4409188 2026 01 14 05 03 47.73
0   1316.73652   5248.52125   4717.84664   3.0170298   4.1935851  -5.4920936 2026 01 14 05 03 57.73
0   1346.86625   5290.15343   4662.67224   3.0088460   4.1327878  -5.5426773 2026 01 14 05 04 07.73
0   1376.91210   5331.17548   4606.99498   3.0002508   4.0715591  -5.5926643 2026 01 14 05 04 17.73
0   1406.86993   5371.58311   4550.82086   2.9912445   4.0099061  -5.6420493 2026 01 14 05 04 27.73
0   1436.73565   5411.37212   4494.15592   2.9818274   3.9478361  -5.6908268 2026 01 14 05 04 37.73
0   1466.50514   5450.53837   4437.00627   2.9720000   3.8853561  -5.7389917 2026 01 14 05 04 47.73
0   1496.17431   5489.07780   4379.37805   2.9617627   3.8224736  -5.7865385 2026 01 14 05 04 57.73
0   1525.73906   5526.98643   4321.27747   2.9511160   3.7591959  -5.8334623 2026 01 14 05 05 07.73
0   1555.19529   5564.26033   4262.71080   2.9400605   3.6955303  -5.8797578 2026 01 14 05 05 17.73
0   1584.53893   5600.89566   4203.68433   2.9285967   3.6314842  -5.9254200 2026 01 14 05 05 27.73
0   1613.76589   5636.88866   4144.20443   2.9167253   3.5670652  -5.9704440 2026 01 14 05 05 37.73
0   1642.87210   5672.23564   4084.27750   2.9044472   3.5022806  -6.0148249 2026 01 14 05 05 47.73
0   1671.85350   5706.93297   4023.90999   2.8917629   3.4371381  -6.0585579 2026 01 14 05 05 57.73
0   1700.70603   5740.97712   3963.10842   2.8786735   3.3716452  -6.1016381 2026 01 14 05 06 07.73
0   1729.42564   5774.36462   3901.87933   2.8651797   3.3058094  -6.1440609 2026 01 14 05 06 17.73
0   1758.00829   5807.09207   3840.22932   2.8512825   3.2396386  -6.1858217 2026 01 14 05 06 27.73
0   1786.44996   5839.15618   3778.16502   2.8369830   3.1731403  -6.2269160 2026 01 14 05 06 37.73
0   1814.74663   5870.55370   3715.69314   2.8222822   3.1063223  -6.2673392 2026 01 14 05 06 47.73
0   1842.89428   5901.28146   3652.82040   2.8071811   3.0391923  -6.3070869 2026 01 14 05 06 57.73
0   1870.88893   5931.33640   3589.55358   2.7916810   2.9717582  -6.3461549 2026 01 14 05 07 07.73
0   1898.72659   5960.71551   3525.89950   2.7757831   2.9040277  -6.3845388 2026 01 14 05 07 17.73
0   1926.40328   5989.41587   3461.86501   2.7594886   2.8360087  -6.4222345 2026 01 14 05 07 27.73
0   1953.91505   6017.43462   3397.45703   2.7427989   2.7677090  -6.4592379 2026 01 14 05 07 37.73
0   1981.25795   6044.76901   3332.68249   2.7257154   2.6991367  -6.4955449 2026 01 14 05 07 47.73
0   2008.42805   6071.41635   3267.54839   2.7082395   2.6302997  -6.5311516 2026 01 14 05 07 57.73
0   2035.42144   6097.37402   3202.06173   2.6903728   2.5612058  -6.5660541 2026 01 14 05 08 07.73
0   2062.23421   6122.63950   3136.22959   2.6721166   2.4918632  -6.6002486 2026 01 14 05 08 17.73
0   2088.86248   6147.21034   3070.05905   2.6534728   2.4222798  -6.6337314 2026 01 14 05 08 27.73
0   2115.30238   6171.08418   3003.55727   2.6344429   2.3524637  -6.6664987 2026 01 14 05 08 37.73
0   2141.55006   6194.25873   2936.73140   2.6150286   2.2824230  -6.6985472 2026 01 14 05 08 47.73
0   2167.60167   6216.73178   2869.58866   2.5952317   2.2121657  -6.7298731 2026 01 14 05 08 57.73
0   2193.45342   6238.50121   2802.13629   2.5750540   2.1417001  -6.7604732 2026 01 14 05 09 07.73
0   2219.10149   6259.56498   2734.38156   2.5544975   2.0710342  -6.7903442 2026 01 14 05 09 17.73
0   2244.54210   6279.92112   2666.33179   2.5335639   2.0001761  -6.8194826 2026 01 14 05 09 27.73
0   2269.77151   6299.56775   2597.99430   2.5122554   1.9291342  -6.8478854 2026 01 14 05 09 37.73
0   2294.78596   6318.50308   2529.37648   2.4905739   1.8579165  -6.8755495 2026 01 14 05 09 47.73
0   2319.58174   6336.72538   2460.48572   2.4685215   1.7865313  -6.9024718 2026 01 14 05 09 57.73
0   2344.15515   6354.23303   2391.32947   2.4461004   1.7149868  -6.9286495 2026 01 14 05 10 07.73
0   2368.50251   6371.02447   2321.91517   2.4233127   1.6432913  -6.9540796 2026 01 14 05 10 17.73
0   2392.62017   6387.09824   2252.25032   2.4001607   1.5714530  -6.9787595 2026 01 14 05 10 27.73
0   2416.50450   6402.45295   2182.34244   2.3766467   1.4994803  -7.0026863 2026 01 14 05 10 37.73
0   2440.15190   6417.08729   2112.19907   2.3527731   1.4273813  -7.0258576 2026 01 14 05 10 47.73
0   2463.55876   6431.00004   2041.82777   2.3285422   1.3551645  -7.0482707 2026 01 14 05 10 57.73
0   2486.72154   6444.19007   1971.23615   2.3039565   1.2828380  -7.0699233 2026 01 14 05 11 07.73
0   2509.63670   6456.65632   1900.43181   2.2790185   1.2104103  -7.0908130 2026 01 14 05 11 17.73
0   2532.30073   6468.39783   1829.42240   2.2537307   1.1378896  -7.1109375 2026 01 14 05 11 27.73
0   2554.71014   6479.41370   1758.21558   2.2280957   1.0652843  -7.1302946 2026 01 14 05 11 37.73
0   2576.86147   6489.70312   1686.81904   2.2021163   0.9926027  -7.1488823 2026 01 14 05 11 47.73
0   2598.75130   6499.26539   1615.24047   2.1757950   0.9198532  -7.1666985 2026 01 14 05 11 57.73
0   2620.37622   6508.09986   1543.48761   2.1491347   0.8470441  -7.1837413 2026 01 14 05 12 07.73
0   2641.73286   6516.20597   1471.56820   2.1221382   0.7741837  -7.2000088 2026 01 14 05 12 17.73
0   2662.81786   6523.58326   1399.49000   2.0948082   0.7012805  -7.2154993 2026 01 14 05 12 27.73
0   2683.62790   6530.23133   1327.26079   2.0671478   0.6283428  -7.2302111 2026 01 14 05 12 37.73
0   2704.15970   6536.14990   1254.88836   2.0391597   0.5553789  -7.2441426 2026 01 14 05 12 47.73
0   2724.40999   6541.33872   1182.38052   2.0108472   0.4823971  -7.2572923 2026 01 14 05 12 57.73
0   2744.37555   6545.79768   1109.74510   1.9822131   0.4094059  -7.2696589 2026 01 14 05 13 07.73
0   2764.05317   6549.52672   1036.98994   1.9532605   0.3364136  -7.2812409 2026 01 14 05 13 17.73
0   2783.43968   6552.52586    964.12289   1.9239927   0.2634285  -7.2920371 2026 01 14 05 13 27.73
0   2802.53196   6554.79522    891.15181   1.8944128   0.1904590  -7.3020464 2026 01 14 05 13 37.73
0   2821.32689   6556.33500    818.08458   1.8645240   0.1175133  -7.3112677 2026 01 14 05 13 47.73
0   2839.82140   6557.14548    744.92908   1.8343296   0.0445999  -7.3197000 2026 01 14 05 13 57.73
0   2858.01245   6557.22702    671.69320   1.8038329  -0.0282730  -7.3273424 2026 01 14 05 14 07.73
0   2875.89704   6556.58007    598.38486   1.7730372  -0.1010971  -7.3341941 2026 01 14 05 14 17.73
0   2893.47219   6555.20516    525.01195   1.7419461  -0.1738640  -7.3402544 2026 01 14 05 14 27.73
0   2910.73497   6553.10290    451.58240   1.7105629  -0.2465655  -7.3455227 2026 01 14 05 14 37.73
0   2927.68246   6550.27399    378.10414   1.6788911  -0.3191933  -7.3499984 2026 01 14 05 14 47.73
0   2944.31182   6546.71921    304.58508   1.6469344  -0.3917392  -7.3536811 2026 01 14 05 14 57.73
0   2960.62019   6542.43941    231.03316   1.6146961  -0.4641948  -7.3565704 2026 01 14 05 15 07.73
0   2976.60479   6537.43554    157.45631   1.5821801  -0.5365521  -7.3586660 2026 01 14 05 15 17.73
0   2992.26286   6531.70863     83.86248   1.5493899  -0.6088027  -7.3599677 2026 01 14 05 15 27.73
0   3007.59167   6525.25978     10.25961   1.5163293  -0.6809385  -7.3604754 2026 01 14 05 15 37.73
0   3022.58854   6518.09018    -63.34438   1.4830020  -0.7529513  -7.3601891 2026 01 14 05 15 47.73
0   3037.25082   6510.20111   -136.94153   1.4494118  -0.8248329  -7.3591088 2026 01 14 05 15 57.73
0   3051.57590   6501.59391   -210.52391   1.4155626  -0.8965752  -7.3572348 2026 01 14 05 16 07.73
0   3065.56120   6492.27002   -284.08358   1.3814581  -0.9681701  -7.3545673 2026 01 14 05 16 17.73
0   3079.20421   6482.23095   -357.61261   1.3471024  -1.0396096  -7.3511065 2026 01 14 05 16 27.73
0   3092.50241   6471.47830   -431.10306   1.3124993  -1.1108854  -7.3468530 2026 01 14 05 16 37.73
0   3105.45337   6460.01374   -504.54702   1.2776529  -1.1819897  -7.3418072 2026 01 14 05 16 47.73
0   3118.05466   6447.83903   -577.93657   1.2425671  -1.2529143  -7.3359697 2026 01 14 05 16 57.73
0   3130.30391   6434.95602   -651.26378   1.2072461  -1.3236513  -7.3293413 2026 01 14 05 17 07.73
0   3142.19880   6421.36660   -724.52076   1.1716940  -1.3941927  -7.3219226 2026 01 14 05 17 17.73
0   3153.73703   6407.07278   -797.69960   1.1359148  -1.4645306  -7.3137146 2026 01 14 05 17 27.73
0   3164.91634   6392.07664   -870.79242   1.0999127  -1.5346571  -7.3047181 2026 01 14 05 17 37.73
0   3175.73454   6376.38032   -943.79134   1.0636920  -1.6045643  -7.2949343 2026 01 14 05 17 47.73
0   3186.18946   6359.98606  -1016.68849   1.0272568  -1.6742443  -7.2843641 2026 01 14 05 17 57.73
0   3196.27897   6342.89617  -1089.47601   0.9906115  -1.7436894  -7.2730090 2026 01 14 05 18 07.73
0   3206.00100   6325.11303  -1162.14606   0.9537604  -1.8128918  -7.2608700 2026 01 14 05 18 17.73
0   3215.35351   6306.63913  -1234.69081   0.9167077  -1.8818437  -7.2479487 2026 01 14 05 18 27.73
0   3224.33450   6287.47698  -1307.10244   0.8794580  -1.9505374  -7.2342464 2026 01 14 05 18 37.73
0   3232.94202   6267.62923  -1379.37315   0.8420155  -2.0189653  -7.2197647 2026 01 14 05 18 47.73
0   3241.17418   6247.09856  -1451.49515   0.8043847  -2.0871197  -7.2045053 2026 01 14 05 18 57.73
0   3249.02911   6225.88774  -1523.46068   0.7665701  -2.1549930  -7.1884699 2026 01 14 05 19 07.73
0   3256.50499   6203.99963  -1595.26198   0.7285761  -2.2225776  -7.1716602 2026 01 14 05 19 17.73
0   3263.60005   6181.43715  -1666.89133   0.6904074  -2.2898661  -7.1540783 2026 01 14 05 19 27.73
0   3270.31257   6158.20330  -1738.34100   0.6520684  -2.3568509  -7.1357259 2026 01 14 05 19 37.73
0   3276.64087   6134.30115  -1809.60330   0.6135637  -2.4235246  -7.1166053 2026 01 14 05 19 47.73
0   3282.58331   6109.73385  -1880.67057   0.5748979  -2.4898799  -7.0967185 2026 01 14 05 19 57.73
0   3288.13832   6084.50463  -1951.53515   0.5360757  -2.5559094  -7.0760677 2026 01 14 05 20 07.73
0   3293.30433   6058.61676  -2022.18942   0.4971018  -2.6216057  -7.0546554 2026 01 14 05 20 17.73
0   3298.07987   6032.07364  -2092.62576   0.4579808  -2.6869616  -7.0324838 2026 01 14 05 20 27.73
0   3302.46349   6004.87868  -2162.83660   0.4187174  -2.7519699  -7.0095554 2026 01 14 05 20 37.73
0   3306.45377   5977.03542  -2232.81439   0.3793164  -2.8166234  -6.9858729 2026 01 14 05 20 47.73
0   3310.04938   5948.54742  -2302.55160   0.3397825  -2.8809150  -6.9614388 2026 01 14 05 20 57.73
0   3313.24901   5919.41834  -2372.04072   0.3001206  -2.9448376  -6.9362559 2026 01 14 05 21 07.73
0   3316.05140   5889.65192  -2441.27428   0.2603354  -3.0083842  -6.9103269 2026 01 14 05 21 17.73
0   3318.45534   5859.25194  -2510.24483   0.2204317  -3.0715478  -6.8836548 2026 01 14 05 21 27.73
0   3320.45968   5828.22226  -2578.94496   0.1804145  -3.1343215  -6.8562425 2026 01 14 05 21 37.73
0   3322.06329   5796.56683  -2647.36728   0.1402886  -3.1966984  -6.8280930 2026 01 14 05 21 47.73
0   3323.26512   5764.28965  -2715.50443   0.1000589  -3.2586717  -6.7992096 2026 01 14 05 21 57.73
0   3324.06416   5731.39477  -2783.34910   0.0597302  -3.3202347  -6.7695953 2026 01 14 05 22 07.73
0   3324.45944   5697.88635  -2850.89398   0.0193076  -3.3813805  -6.7392535 2026 01 14 05 22 17.73
0   3324.45004   5663.76858  -2918.13183  -0.0212040  -3.4421026  -6.7081875 2026 01 14 05 22 27.73
0   3324.03510   5629.04574  -2985.05541  -0.0617997  -3.5023943  -6.6764008 2026 01 14 05 22 37.73
0   3323.21381   5593.72216  -3051.65753  -0.1024744  -3.5622491  -6.6438968 2026 01 14 05 22 47.73
0   3321.98539   5557.80225  -3117.93105  -0.1432231  -3.6216606  -6.6106793 2026 01 14 05 22 57.73
0   3320.34914   5521.29046  -3183.86884  -0.1840409  -3.6806221  -6.5767517 2026 01 14 05 23 07.73
0   3318.30439   5484.19134  -3249.46383  -0.2249227  -3.7391275  -6.5421180 2026 01 14 05 23 17.73
0   3315.85052   5446.50946  -3314.70896  -0.2658635  -3.7971703  -6.5067819 2026 01 14 05 23 27.73
0   3312.98696   5408.24950  -3379.59724  -0.3068581  -3.8547444  -6.4707473 2026 01 14 05 23 37.73
0   3309.71322   5369.41617  -3444.12169  -0.3479016  -3.9118434  -6.4340181 2026 01 14 05 23 47.73
0   3306.02882   5330.01425  -3508.27541  -0.3889887  -3.9684614  -6.3965985 2026 01 14 05 23 57.73
0   3301.93334   5290.04857  -3572.05149  -0.4301145  -4.0245921  -6.3584925 2026 01 14 05 24 07.73
0   3297.42644   5249.52406  -3635.44310  -0.4712738  -4.0802296  -6.3197043 2026 01 14 05 24 17.73
0   3292.50780   5208.44565  -3698.44344  -0.5124615  -4.1353679  -6.2802382 2026 01 14 05 24 27.73
0   3287.17716   5166.81839  -3761.04575  -0.5536724  -4.1900012  -6.2400985 2026 01 14 05 24 37.73
0   3281.43432   5124.64734  -3823.24331  -0.5949014  -4.2441236  -6.1992897 2026 01 14 05 24 47.73
0   3275.27912   5081.93764  -3885.02946  -0.6361434  -4.2977293  -6.1578162 2026 01 14 05 24 57.73
0   3268.71146   5038.69450  -3946.39758  -0.6773932  -4.3508127  -6.1156825 2026 01 14 05 25 07.73
0   3261.73128   4994.92315  -4007.34108  -0.7186456  -4.4033681  -6.0728933 2026 01 14 05 25 17.73
0   3254.33858   4950.62891  -4067.85343  -0.7598955  -4.4553900  -6.0294533 2026 01 14 05 25 27.73
0   3246.53342   4905.81715  -4127.92814  -0.8011376  -4.5068728  -5.9853672 2026 01 14 05 25 37.73
0   3238.31590   4860.49327  -4187.55879  -0.8423668  -4.5578112  -5.9406398 2026 01 14 05 25 47.73
0   3229.68618   4814.66275  -4246.73898  -0.8835779  -4.6081998  -5.8952760 2026 01 14 05 25 57.73
0   3220.64445   4768.33111  -4305.46237  -0.9247657  -4.6580332  -5.8492808 2026 01 14 05 26 07.73
0   3211.19098   4721.50394  -4363.72268  -0.9659250  -4.7073063  -5.8026593 2026 01 14 05 26 17.73
0   3201.32609   4674.18686  -4421.51366  -1.0070506  -4.7560140  -5.7554164 2026 01 14 05 26 27.73
0   3191.05013   4626.38555  -4478.82913  -1.0481372  -4.8041510  -5.7075574 2026 01 14 05 26 37.73
0   3180.36352   4578.10574  -4535.66296  -1.0891798  -4.8517125  -5.6590874 2026 01 14 05 26 47.73
0   3169.26672   4529.35321  -4592.00905  -1.1301730  -4.8986934  -5.6100118 2026 01 14 05 26 57.73
0   3157.76026   4480.13379  -4647.86138  -1.1711118  -4.9450889  -5.5603358 2026 01 14 05 27 07.73
0   3145.84470   4430.45337  -4703.21398  -1.2119907  -4.9908942  -5.5100650 2026 01 14 05 27 17.73
0   3133.52068   4380.31786  -4758.06091  -1.2528048  -5.0361046  -5.4592047 2026 01 14 05 27 27.73
0   3120.78886   4329.73324  -4812.39633  -1.2935487  -5.0807154  -5.4077605 2026 01 14 05 27 37.73
0   3107.64998   4278.70553  -4866.21440  -1.3342172  -5.1247220  -5.3557380 2026 01 14 05 27 47.73
0   3094.10480   4227.24079  -4919.50939  -1.3748052  -5.1681200  -5.3031428 2026 01 14 05 27 57.73
0   3080.15417   4175.34512  -4972.27558  -1.4153074  -5.2109049  -5.2499806 2026 01 14 05 28 07.73
0   3065.79897   4123.02470  -5024.50734  -1.4557187  -5.2530722  -5.1962573 2026 01 14 05 28 17.73
0   3051.04013   4070.28570  -5076.19909  -1.4960339  -5.2946179  -5.1419785 2026 01 14 05 28 27.73
0   3035.87864   4017.13436  -5127.34530  -1.5362478  -5.3355376  -5.0871503 2026 01 14 05 28 37.73
0   3020.31553   3963.57698  -5177.94051  -1.5763552  -5.3758272  -5.0317785 2026 01 14 05 28 47.73
0   3004.35191   3909.61987  -5227.97931  -1.6163509  -5.4154826  -4.9758691 2026 01 14 05 28 57.73
0   2987.98891   3855.26938  -5277.45635  -1.6562298  -5.4544999  -4.9194282 2026 01 14 05 29 07.73
0   2971.22772   3800.53193  -5326.36635  -1.6959868  -5.4928752  -4.8624619 2026 01 14 05 29 17.73
0   2954.06960   3745.41395  -5374.70409  -1.7356166  -5.5306046  -4.8049764 2026 01 14 05 29 27.73
0   2936.51583   3689.92192  -5422.46440  -1.7751142  -5.5676844  -4.7469777 2026 01 14 05 29 37.73
0   2918.56776   3634.06235  -5469.64219  -1.8144744  -5.6041109  -4.6884723 2026 01 14 05 29 47.73
0   2900.22681   3577.84179  -5516.23242  -1.8536922  -5.6398805  -4.6294664 2026 01 14 05 29 57.73
0   2881.49440   3521.26684  -5562.23011  -1.8927623  -5.6749897  -4.5699663 2026 01 14 05 30 07.73
0   2862.37206   3464.34411  -5607.63036  -1.9316798  -5.7094351  -4.5099786 2026 01 14 05 30 17.73
0   2842.86132   3407.08025  -5652.42832  -1.9704394  -5.7432133  -4.4495096 2026 01 14 05 30 27.73
0   2822.96379   3349.48196  -5696.61922  -2.0090363  -5.7763209  -4.3885658 2026 01 14 05 30 37.73
0   2802.68113   3291.55595  -5740.19832  -2.0474652  -5.8087550  -4.3271539 2026 01 14 05 30 47.73
0   2782.01504   3233.30899  -5783.16100  -2.0857212  -5.8405121  -4.2652804 2026 01 14 05 30 57.73
0   2760.96727   3174.74784  -5825.50266  -2.1237993  -5.8715895  -4.2029519 2026 01 14 05 31 07.73
0   2739.53963   3115.87934  -5867.21879  -2.1616944  -5.9019840  -4.1401752 2026 01 14 05 31 17.73
0   2717.73398   3056.71031  -5908.30494  -2.1994016  -5.9316928  -4.0769571 2026 01 14 05 31 27.73
0   2695.55221   2997.24763  -5948.75673  -2.2369158  -5.9607132  -4.0133042 2026 01 14 05 31 37.73
0   2672.99628   2937.49819  -5988.56984  -2.2742321  -5.9890423  -3.9492234 2026 01 14 05 31 47.73
0   2650.06820   2877.46893  -6027.74004  -2.3113455  -6.0166775  -3.8847217 2026 01 14 05 31 57.73
0   2626.77002   2817.16680  -6066.26314  -2.3482513  -6.0436163  -3.8198058 2026 01 14 05 32 07.73
0   2603.10384   2756.59877  -6104.13504  -2.3849443  -6.0698561  -3.7544828 2026 01 14 05 32 17.73
0   2579.07181   2695.77184  -6141.35171  -2.4214198  -6.0953947  -3.6887597 2026 01 14 05 32 27.73
0   2554.67613   2634.69304  -6177.90917  -2.4576729  -6.1202296  -3.6226435 2026 01 14 05 32 37.73
0   2529.91905   2573.36942  -6213.80353  -2.4936987  -6.1443587  -3.5561412 2026 01 14 05 32 47.73
0   2504.80287   2511.80804  -6249.03097  -2.5294924  -6.1677797  -3.4892600 2026 01 14 05 32 57.73
0   2479.32993   2450.01599  -6283.58773  -2.5650493  -6.1904907  -3.4220071 2026 01 14 05 33 07.73
0   2453.50262   2388.00039  -6317.47013  -2.6003644  -6.2124895  -3.3543895 2026 01 14 05 33 17.73
0   2427.32339   2325.76837  -6350.67457  -2.6354332  -6.2337743  -3.2864146 2026 01 14 05 33 27.73
0   2400.79472   2263.32708  -6383.19749  -2.6702508  -6.2543433  -3.2180896 2026 01 14 05 33 37.73
0   2373.91915   2200.68368  -6415.03544  -2.7048126  -6.2741947  -3.1494218 2026 01 14 05 33 47.73
0   2346.69926   2137.84536  -6446.18504  -2.7391138  -6.2933269  -3.0804186 2026 01 14 05 33 57.73
0   2319.13767   2074.81932  -6476.64295  -2.7731498  -6.3117382  -3.0110872 2026 01 14 05 34 07.73
0   2291.23707   2011.61277  -6506.40593  -2.8069160  -6.3294273  -2.9414350 2026 01 14 05 34 17.73
0   2263.00017   1948.23295  -6535.47082  -2.8404077  -6.3463925  -2.8714696 2026 01 14 05 34 27.73
0   2234.42975   1884.68710  -6563.83452  -2.8736205  -6.3626327  -2.8011983 2026 01 14 05 34 37.73
0   2205.52861   1820.98248  -6591.49400  -2.9065496  -6.3781465  -2.7306287 2026 01 14 05 34 47.73
0   2176.29962   1757.12635  -6618.44633  -2.9391907  -6.3929328  -2.6597682 2026 01 14 05 34 57.73
0   2146.74567   1693.12599  -6644.68863  -2.9715392  -6.4069905  -2.5886244 2026 01 14 05 35 07.73
0   2116.86971   1628.98871  -6670.21810  -3.0035907  -6.4203186  -2.5172048 2026 01 14 05 35 17.73
0   2086.67475   1564.72179  -6695.03203  -3.0353407  -6.4329161  -2.4455171 2026 01 14 05 35 27.73
0   2056.16380   1500.33256  -6719.12776  -3.0667848  -6.4447823  -2.3735689 2026 01 14 05 35 37.73
0   2025.33997   1435.82832  -6742.50275  -3.0979186  -6.4559163  -2.3013679 2026 01 14 05 35 47.73
0   1994.20636   1371.21640  -6765.15449  -3.1287379  -6.4663175  -2.2289216 2026 01 14 05 35 57.73
0   1962.76615   1306.50414  -6787.08057  -3.1592382  -6.4759852  -2.1562378 2026 01 14 05 36 07.73
0   1931.02254   1241.69886  -6808.27865  -3.1894154  -6.4849191  -2.0833243 2026 01 14 05 36 17.73
0   1898.97880   1176.80792  -6828.74648  -3.2192651  -6.4931185  -2.0101887 2026 01 14 05 36 27.73
0   1866.63821   1111.83865  -6848.48188  -3.2487832  -6.5005833  -1.9368389 2026 01 14 05 36 37.73
0   1834.00412   1046.79841  -6867.48273  -3.2779655  -6.5073131  -1.8632825 2026 01 14 05 36 47.73
0   1801.07989    981.69454  -6885.74702  -3.3068078  -6.5133077  -1.7895276 2026 01 14 05 36 57.73
0   1767.86896    916.53441  -6903.27279  -3.3353060  -6.5185670  -1.7155817 2026 01 14 05 37 07.73
0   1734.37479    851.32535  -6920.05818  -3.3634561  -6.5230910  -1.6414529 2026 01 14 05 37 17.73
0   1700.60087    786.07473  -6936.10140  -3.3912540  -6.5268798  -1.5671489 2026 01 14 05 37 27.73
0   1666.55074    720.78990  -6951.40073  -3.4186957  -6.5299334  -1.4926776 2026 01 14 05 37 37.73
0   1632.22800    655.47821  -6965.95455  -3.4457773  -6.5322522  -1.4180470 2026 01 14 05 37 47.73
0   1597.63625    590.14699  -6979.76129  -3.4724948  -6.5338365  -1.3432649 2026 01 14 05 37 57.73
0   1562.77917    524.80361  -6992.81948  -3.4988444  -6.5346865  -1.2683393 2026 01 14 05 38 07.73
0   1527.66044    459.45540  -7005.12773  -3.5248222  -6.5348028  -1.1932781 2026 01 14 05 38 17.73
0   1492.28381    394.10968  -7016.68472  -3.5504244  -6.5341859  -1.1180893 2026 01 14 05 38 27.73
0   1456.65305    328.77380  -7027.48921  -3.5756471  -6.5328365  -1.0427809 2026 01 14 05 38 37.73
0   1420.77197    263.45507  -7037.54005  -3.6004868  -6.5307552  -0.9673607 2026 01 14 05 38 47.73
0   1384.64443    198.16081  -7046.83616  -3.6249397  -6.5279429  -0.8918368 2026 01 14 05 38 57.73
0   1348.27431    132.89833  -7055.37655  -3.6490021  -6.5244004  -0.8162173 2026 01 14 05 39 07.73
0   1311.66552     67.67491  -7063.16029  -3.6726705  -6.5201287  -0.7405100 2026 01 14 05 39 17.73
0   1274.82204      2.49785  -7070.18655  -3.6959412  -6.5151287  -0.6647231 2026 01 14 05 39 27.73
0   1237.74786    -62.62557  -7076.45457  -3.7188109  -6.5094017  -0.5888646 2026 01 14 05 39 37.73
0   1200.44699   -127.68809  -7081.96368  -3.7412758  -6.5029488  -0.5129424 2026 01 14 05 39 47.73
0   1162.92351   -192.68245  -7086.71328  -3.7633328  -6.4957712  -0.4369647 2026 01 14 05 39 57.73
0   1125.18152   -257.60142  -7090.70285  -3.7849783  -6.4878703  -0.3609395 2026 01 14 05 40 07.73
0   1087.22514   -322.43778  -7093.93196  -3.8062089  -6.4792476  -0.2848748 2026 01 14 05 40 17.73
0   1049.05855   -387.18430  -7096.40027  -3.8270215  -6.4699045  -0.2087787 2026 01 14 05 40 27.73
0   1010.68593   -451.83380  -7098.10748  -3.8474127  -6.4598427  -0.1326592 2026 01 14 05 40 37.73
0    972.11151   -516.37909  -7099.05341  -3.8673793  -6.4490637  -0.0565245 2026 01 14 05 40 47.73
0    933.33957   -580.81301  -7099.23795  -3.8869182  -6.4375694   0.0196175 2026 01 14 05 40 57.73
0    894.37439   -645.12842  -7098.66106  -3.9060262  -6.4253616   0.0957586 2026 01 14 05 41 07.73
0    855.22030   -709.31820  -7097.32280  -3.9247003  -6.4124421   0.1718908 2026 01 14 05 41 17.73
0    815.88164   -773.37522  -7095.22329  -3.9429374  -6.3988129   0.2480061 2026 01 14 05 41 27.73
0    776.36282   -837.29242  -7092.36274  -3.9607345  -6.3844761   0.3240963 2026 01 14 05 41 37.73
0    736.66823   -901.06271  -7088.74145  -3.9780888  -6.3694338   0.4001534 2026 01 14 05 41 47.73
0    696.80233   -964.67907  -7084.35978  -3.9949973  -6.3536882   0.4761694 2026 01 14 05 41 57.73
0    656.76958  -1028.13446  -7079.21818  -4.0114571  -6.3372417   0.5521361 2026 01 14 05 42 07.73
0    616.57449  -1091.42189  -7073.31720  -4.0274657  -6.3200965   0.6280456 2026 01 14 05 42 17.73
0    576.22158  -1154.53438  -7066.65744  -4.0430200  -6.3022551   0.7038898 2026 01 14 05 42 27.73
0    535.71541  -1217.46499  -7059.23959  -4.0581176  -6.2837200   0.7796606 2026 01 14 05 42 37.73
0    495.06055  -1280.20678  -7051.06444  -4.0727558  -6.2644937   0.8553500 2026 01 14 05 42 47.73
0    454.26163  -1342.75287  -7042.13282  -4.0869319  -6.2445791   0.9309500 2026 01 14 05 42 57.73
0    413.32326  -1405.09638  -7032.44569  -4.1006435  -6.2239787   1.0064525 2026 01 14 05 43 07.73
0    372.25011  -1467.23047  -7022.00404  -4.1138880  -6.2026954   1.0818496 2026 01 14 05 43 17.73
0    331.04686  -1529.14832  -7010.80899  -4.1266630  -6.1807321   1.1571332 2026 01 14 05 43 27.73
0    289.71822  -1590.84315  -6998.86169  -4.1389662  -6.1580918   1.2322954 2026 01 14 05 43 37.73
0    248.26891  -1652.30821  -6986.16341  -4.1507953  -6.1347774   1.3073282 2026 01 14 05 43 47.73
0    206.70370  -1713.53676  -6972.71549  -4.1621479  -6.1107921   1.3822236 2026 01 14 05 43 57.73
0    165.02735  -1774.52211  -6958.51932  -4.1730219  -6.0861390   1.4569736 2026 01 14 05 44 07.73
0    123.24466  -1835.25761  -6943.57641  -4.1834150  -6.0608215   1.5315703 2026 01 14 05 44 17.73
0     81.36046  -1895.73662  -6927.88834  -4.1933252  -6.0348428   1.6060058 2026 01 14 05 44 27.73
0     39.37957  -1955.95255  -6911.45674  -4.2027504  -6.0082063   1.6802721 2026 01 14 05 44 37.73
0     -2.69313  -2015.89884  -6894.28336  -4.2116887  -5.9809155   1.7543615 2026 01 14 05 44 47.73
0    -44.85277  -2075.56896  -6876.37000  -4.2201380  -5.9529739   1.8282659 2026 01 14 05 44 57.73
0    -87.09446  -2134.95643  -6857.71855  -4.2280965  -5.9243851   1.9019775 2026 01 14 05 45 07.73
0   -129.41326  -2194.05478  -6838.33098  -4.2355623  -5.8951529   1.9754884 2026 01 14 05 45 17.73
0   -171.80425  -2252.85761  -6818.20933  -4.2425338  -5.8652809   2.0487910 2026 01 14 05 45 27.73
0   -214.26248  -2311.35854  -6797.35573  -4.2490091  -5.8347729   2.1218772 2026 01 14 05 45 37.73
0   -256.78297  -2369.55122  -6775.77238  -4.2549866  -5.8036329   2.1947394 2026 01 14 05 45 47.73
0   -299.36074  -2427.42936  -6753.46156  -4.2604646  -5.7718648   2.2673697 2026 01 14 05 45 57.73
0   -341.99079  -2484.98668  -6730.42563  -4.2654417  -5.7394727   2.3397605 2026 01 14 05 46 07.73
0   -384.66810  -2542.21699  -6706.66701  -4.2699164  -5.7064605   2.4119040 2026 01 14 05 46 17.73
0   -427.38763  -2599.11408  -6682.18823  -4.2738872  -5.6728326   2.4837925 2026 01 14 05 46 27.73
0   -470.14435  -2655.67183  -6656.99187  -4.2773527  -5.6385930   2.5554183 2026 01 14 05 46 37.73
0   -512.93319  -2711.88415  -6631.08059  -4.2803116  -5.6037461   2.6267739 2026 01 14 05 46 47.73
0   -555.74908  -2767.74497  -6604.45714  -4.2827628  -5.5682962   2.6978514 2026 01 14 05 46 57.73
0   -598.58694  -2823.24830  -6577.12434  -4.2847049  -5.5322478   2.7686434 2026 01 14 05 47 07.73
0   -641.44166  -2878.38817  -6549.08507  -4.2861368  -5.4956054   2.8391423 2026 01 14 05 47 17.73
0   -684.30815  -2933.15866  -6520.34231  -4.2870575  -5.4583735   2.9093406 2026 01 14 05 47 27.73
0   -727.18129  -2987.55390  -6490.89910  -4.2874659  -5.4205566   2.9792306 2026 01 14 05 47 37.73
0   -770.05594  -3041.56807  -6460.75857  -4.2873611  -5.3821596   3.0488050 2026 01 14 05 47 47.73
0   -812.92698  -3095.19538  -6429.92389  -4.2867422  -5.3431871   3.1180563 2026 01 14 05 47 57.73
0   -855.78925  -3148.43011  -6398.39835  -4.2856083  -5.3036439   3.1869771 2026 01 14 05 48 07.73
0   -898.63761  -3201.26657  -6366.18528  -4.2839587  -5.2635349   3.2555599 2026 01 14 05 48 17.73
0   -941.46688  -3253.69913  -6333.28811  -4.2817927  -5.2228651   3.3237974 2026 01 14 05 48 27.73
0   -984.27191  -3305.72220  -6299.71031  -4.2791096  -5.1816393   3.3916823 2026 01 14 05 48 37.73
0  -1027.04752  -3357.33026  -6265.45546  -4.2759088  -5.1398628   3.4592074 2026 01 14 05 48 47.73
0  -1069.78853  -3408.51782  -6230.52719  -4.2721897  -5.0975405   3.5263652 2026 01 14 05 48 57.73
0  -1112.48976  -3459.27945  -6194.92921  -4.2679520  -5.0546776   3.5931487 2026 01 14 05 49 07.73
0  -1155.14602  -3509.60976  -6158.66529  -4.2631952  -5.0112794   3.6595506 2026 01 14 05 49 17.73
0  -1197.75210  -3559.50344  -6121.73929  -4.2579190  -4.9673512   3.7255637 2026 01 14 05 49 27.73
0  -1240.30283  -3608.95520  -6084.15513  -4.2521231  -4.9228982   3.7911811 2026 01 14 05 49 37.73
0  -1282.79300  -3657.95983  -6045.91681  -4.2458072  -4.8779260   3.8563955 2026 01 14 05 49 47.73
0  -1325.21741  -3706.51217  -6007.02838  -4.2389713  -4.8324399   3.9212001 2026 01 14 05 49 57.73
0  -1367.57085  -3754.60709  -5967.49399  -4.2316152  -4.7864455   3.9855877 2026 01 14 05 50 07.73
0  -1409.84814  -3802.23955  -5927.31784  -4.2237389  -4.7399483   4.0495514 2026 01 14 05 50 17.73
0  -1452.04406  -3849.40455  -5886.50419  -4.2153424  -4.6929540   4.1130844 2026 01 14 05 50 27.73
0  -1494.15341  -3896.09714  -5845.05740  -4.2064259  -4.6454682   4.1761797 2026 01 14 05 50 37.73
0  -1536.17100  -3942.31244  -5802.98187  -4.1969894  -4.5974967   4.2388306 2026 01 14 05 50 47.73
0  -1578.09162  -3988.04561  -5760.28209  -4.1870333  -4.5490452   4.3010302 2026 01 14 05 50 57.73
0  -1619.91009  -4033.29189  -5716.96259  -4.1765578  -4.5001196   4.3627719 2026 01 14 05 51 07.73
0  -1661.62120  -4078.04657  -5673.02799  -4.1655633  -4.4507258   4.4240488 2026 01 14 05 51 17.73
0  -1703.21978  -4122.30500  -5628.48298  -4.1540501  -4.4008697   4.4848545 2026 01 14 05 51 27.73
0  -1744.70063  -4166.06257  -5583.33229  -4.1420189  -4.3505573   4.5451823 2026 01 14 05 51 37.73
0  -1786.05858  -4209.31477  -5537.58074  -4.1294700  -4.2997946   4.6050257 2026 01 14 05 51 47.73
0  -1827.28846  -4252.05710  -5491.23321  -4.1164042  -4.2485878   4.6643781 2026 01 14 05 51 57.73
0  -1868.38509  -4294.28518  -5444.29464  -4.1028221  -4.1969429   4.7232331 2026 01 14 05 52 07.73
0  -1909.34333  -4335.99464  -5396.77003  -4.0887244  -4.1448662   4.7815844 2026 01 14 05 52 17.73
0  -1950.15801  -4377.18119  -5348.66445  -4.0741120  -4.0923639   4.8394255 2026 01 14 05 52 27.73
0  -1990.82400  -4417.84062  -5299.98304  -4.0589858  -4.0394422   4.8967502 2026 01 14 05 52 37.73
0  -2031.33616  -4457.96877  -5250.73099  -4.0433465  -3.9861075   4.9535522 2026 01 14 05 52 47.73
0  -2071.68937  -4497.56152  -5200.91356  -4.0271954  -3.9323661   5.0098254 2026 01 14 05 52 57.73
0  -2111.87851  -4536.61486  -5150.53606  -4.0105334  -3.8782246   5.0655635 2026 01 14 05 53 07.73
0  -2151.89848  -4575.12480  -5099.60389  -3.9933616  -3.8236892   5.1207606 2026 01 14 05 53 17.73
0  -2191.74418  -4613.08745  -5048.12248  -3.9756813  -3.7687666   5.1754106 2026 01 14 05 53 27.73
0  -2231.41055  -4650.49896  -4996.09733  -3.9574936  -3.7134632   5.2295075 2026 01 14 05 53 37.73
0  -2270.89251  -4687.35556  -4943.53400  -3.9388000  -3.6577857   5.2830455 2026 01 14 05 53 47.73
0  -2310.18501  -4723.65354  -4890.43811  -3.9196019  -3.6017406   5.3360185 2026 01 14 05 53 57.73
0  -2349.28301  -4759.38925  -4836.81534  -3.8999006  -3.5453347   5.3884210 2026 01 14 05 54 07.73
0  -2388.18148  -4794.55914  -4782.67142  -3.8796977  -3.4885746   5.4402470 2026 01 14 05 54 17.73
0  -2426.87543  -4829.15967  -4728.01215  -3.8589947  -3.4314672   5.4914910 2026 01 14 05 54 27.73
0  -2465.35985  -4863.18743  -4672.84337  -3.8377934  -3.3740190   5.5421473 2026 01 14 05 54 37.73
0  -2503.62978  -4896.63902  -4617.17099  -3.8160954  -3.3162370   5.5922104 2026 01 14 05 54 47.73
0  -2541.68025  -4929.51116  -4561.00097  -3.7939026  -3.2581281   5.6416747 2026 01 14 05 54 57.73
0  -2579.50632  -4961.80060  -4504.33932  -3.7712166  -3.1996991   5.6905349 2026 01 14 05 55 07.73
0  -2617.10308  -4993.50417  -4447.19212  -3.7480396  -3.1409569   5.7387855 2026 01 14 05 55 17.73
0  -2654.46562  -5024.61879  -4389.56548  -3.7243733  -3.0819085   5.7864213 2026 01 14 05 55 27.73
0  -2691.58905  -5055.14142  -4331.46558  -3.7002199  -3.0225609   5.8334369 2026 01 14 05 55 37.73
0  -2728.46853  -5085.06910  -4272.89865  -3.6755815  -2.9629211   5.8798273 2026 01 14 05 55 47.73
0  -2765.09921  -5114.39896  -4213.87096  -3.6504601  -2.9029961   5.9255873 2026 01 14 05 55 57.73
0  -2801.47626  -5143.12817  -4154.38884  -3.6248581  -2.8427931   5.9707118 2026 01 14 05 56 07.73
0  -2837.59491  -5171.25398  -4094.45868  -3.5987777  -2.7823191   6.0151959 2026 01 14 05 56 17.73
0  -2873.45037  -5198.77374  -4034.08690  -3.5722213  -2.7215813   6.0590347 2026 01 14 05 56 27.73
0  -2909.03789  -5225.68482  -3973.27998  -3.5451913  -2.6605868   6.1022232 2026 01 14 05 56 37.73
0  -2944.35276  -5251.98471  -3912.04444  -3.5176902  -2.5993429   6.1447569 2026 01 14 05 56 47.73
0  -2979.39026  -5277.67094  -3850.38687  -3.4897204  -2.5378568   6.1866308 2026 01 14 05 56 57.73
0  -3014.14574  -5302.74112  -3788.31387  -3.4612847  -2.4761357   6.2278405 2026 01 14 05 57 07.73
0  -3048.61455  -5327.19295  -3725.83212  -3.4323857  -2.4141869   6.2683812 2026 01 14 05 57 17.73
0  -3082.79206  -5351.02419  -3662.94832  -3.4030260  -2.3520177   6.3082486 2026 01 14 05 57 27.73
0  -3116.67368  -5374.23266  -3599.66923  -3.3732085  -2.2896354   6.3474382 2026 01 14 05 57 37.73
0  -3150.25484  -5396.81627  -3536.00166  -3.3429361  -2.2270473   6.3859457 2026 01 14 05 57 47.73
0  -3183.53103  -5418.77300  -3471.95244  -3.3122117  -2.1642609   6.4237667 2026 01 14 05 57 57.73
0  -3216.49771  -5440.10091  -3407.52846  -3.2810381  -2.1012834   6.4608971 2026 01 14 05 58 07.73
0  -3249.15044  -5460.79811  -3342.73665  -3.2494186  -2.0381224   6.4973327 2026 01 14 05 58 17.73
0  -3281.48474  -5480.86282  -3277.58397  -3.2173561  -1.9747851   6.5330696 2026 01 14 05 58 27.73
0  -3313.49623  -5500.29331  -3212.07743  -3.1848538  -1.9112791   6.5681036 2026 01 14 05 58 37.73
0  -3345.18050  -5519.08792  -3146.22409  -3.1519149  -1.8476118   6.6024309 2026 01 14 05 58 47.73
0  -3376.53322  -5537.24509  -3080.03102  -3.1185428  -1.7837907   6.6360476 2026 01 14 05 58 57.73
0  -3407.55006  -5554.76330  -3013.50535  -3.0847407  -1.7198232   6.6689501 2026 01 14 05 59 07.73
0  -3438.22675  -5571.64114  -2946.65425  -3.0505121  -1.6557169   6.7011346 2026 01 14 05 59 17.73
0  -3468.55903  -5587.87725  -2879.48490  -3.0158603  -1.5914792   6.7325976 2026 01 14 05 59 27.73
0  -3498.54269  -5603.47036  -2812.00455  -2.9807890  -1.5271177   6.7633354 2026 01 14 05 59 37.73
0  -3528.17356  -5618.41927  -2744.22046  -2.9453016  -1.4626400   6.7933447 2026 01 14 05 59 47.73
0  -3557.44749  -5632.72285  -2676.13993  -2.9094019  -1.3980535   6.8226222 2026 01 14 05 59 57.73
0  -3586.36037  -5646.38005  -2607.77030  -2.8730934  -1.3333658   6.8511645 2026 01 14 06 00 07.73
0  -3614.90815  -5659.38990  -2539.11894  -2.8363800  -1.2685845   6.8789683 2026 01 14 06 00 17.73
0  -3643.08678  -5671.75150  -2470.19325  -2.7992654  -1.2037172   6.9060307 2026 01 14 06 00 27.73
0  -3670.89227  -5683.46403  -2401.00065  -2.7617535  -1.1387714   6.9323486 2026 01 14 06 00 37.73
0  -3698.32068  -5694.52674  -2331.54860  -2.7238483  -1.0737547   6.9579190 2026 01 14 06 00 47.73
0  -3725.36808  -5704.93896  -2261.84461  -2.6855536  -1.0086747   6.9827389 2026 01 14 06 00 57.73
0  -3752.03061  -5714.70009  -2191.89617  -2.6468735  -0.9435389   7.0068058 2026 01 14 06 01 07.73
0  -3778.30442  -5723.80962  -2121.71085  -2.6078120  -0.8783550   7.0301167 2026 01 14 06 01 17.73
0  -3804.18573  -5732.26710  -2051.29621  -2.5683734  -0.8131306   7.0526691 2026 01 14 06 01 27.73
0  -3829.67079  -5740.07216  -1980.65984  -2.5285618  -0.7478733   7.0744605 2026 01 14 06 01 37.73
0  -3854.75588  -5747.22452  -1909.80938  -2.4883814  -0.6825906   7.0954883 2026 01 14 06 01 47.73
0  -3879.43734  -5753.72396  -1838.75246  -2.4478365  -0.6172901   7.1157503 2026 01 14 06 01 57.73
0  -3903.71155  -5759.57033  -1767.49677  -2.4069315  -0.5519795   7.1352440 2026 01 14 06 02 07.73
0  -3927.57493  -5764.76357  -1696.04999  -2.3656708  -0.4866663   7.1539674 2026 01 14 06 02 17.73
0  -3951.02394  -5769.30371  -1624.41983  -2.3240588  -0.4213582   7.1719182 2026 01 14 06 02 27.73
0  -3974.05510  -5773.19082  -1552.61404  -2.2820999  -0.3560626   7.1890944 2026 01 14 06 02 37.73
0  -3996.66495  -5776.42506  -1480.64037  -2.2397989  -0.2907871   7.2054942 2026 01 14 06 02 47.73
0  -4018.85009  -5779.00668  -1408.50659  -2.1971601  -0.2255394   7.2211155 2026 01 14 06 02 57.73
0  -4040.60718  -5780.93600  -1336.22049  -2.1541884  -0.1603270   7.2359567 2026 01 14 06 03 07.73
0  -4061.93291  -5782.21340  -1263.78989  -2.1108884  -0.0951574   7.2500160 2026 01 14 06 03 17.73
0  -4082.82402  -5782.83934  -1191.22261  -2.0672648  -0.0300381   7.2632918 2026 01 14 06 03 27.73
0  -4103.27729  -5782.81438  -1118.52650  -2.0233225   0.0350232   7.2757827 2026 01 14 06 03 37.73
0  -4123.28957  -5782.13913  -1045.70941  -1.9790662   0.1000191   7.2874871 2026 01 14 06 03 47.73
0  -4142.85773  -5780.81427   -972.77922  -1.9345009   0.1649421   7.2984038 2026 01 14 06 03 57.73
0  -4161.97871  -5778.84058   -899.74380  -1.8896314   0.2297847   7.3085314 2026 01 14 06 04 07.73
0  -4180.64950  -5776.21889   -826.61105  -1.8444629   0.2945394   7.3178689 2026 01 14 06 04 17.73
0  -4198.86714  -5772.95013   -753.38888  -1.7990002   0.3591987   7.3264151 2026 01 14 06 04 27.73
0  -4216.62869  -5769.03528   -680.08522  -1.7532484   0.4237552   7.3341690 2026 01 14 06 04 37.73
0  -4233.93130  -5764.47541   -606.70798  -1.7072127   0.4882016   7.3411297 2026 01 14 06 04 47.73
0  -4250.77216  -5759.27166   -533.26510  -1.6608983   0.5525302   7.3472964 2026 01 14 06 04 57.73
0  -4267.14850  -5753.42524   -459.76452  -1.6143102   0.6167339   7.3526684 2026 01 14 06 05 07.73
0  -4283.05761  -5746.93744   -386.21420  -1.5674537   0.6808052   7.3572451 2026 01 14 06 05 17.73
0  -4298.49684  -5739.80961   -312.62210  -1.5203342   0.7447367   7.3610258 2026 01 14 06 05 27.73
0  -4313.46358  -5732.04320   -238.99617  -1.4729569   0.8085212   7.3640102 2026 01 14 06 05 37.73
0  -4327.95528  -5723.63971   -165.34437  -1.4253272   0.8721513   7.3661978 2026 01 14 06 05 47.73
0  -4341.96944  -5714.60072    -91.67469  -1.3774505   0.9356198   7.3675884 2026 01 14 06 05 57.73
0  -4355.50362  -5704.92789    -17.99509  -1.3293322   0.9989193   7.3681817 2026 01 14 06 06 07.73
0  -4368.55544  -5694.62293     55.68647  -1.2809777   1.0620427   7.3679778 2026 01 14 06 06 17.73
0  -4381.12255  -5683.68764    129.36199  -1.2323927   1.1249828   7.3669765 2026 01 14 06 06 27.73
0  -4393.20268  -5672.12390    203.02352  -1.1835826   1.1877324   7.3651779 2026 01 14 06 06 37.73
0  -4404.79361  -5659.93365    276.66307  -1.1345530   1.2502843   7.3625822 2026 01 14 06 06 47.73
0  -4415.89316  -5647.11890    350.27268  -1.0853096   1.3126315   7.3591897 2026 01 14 06 06 57.73
0  -4426.49924  -5633.68172    423.84439  -1.0358579   1.3747667   7.3550006 2026 01 14 06 07 07.73
0  -4436.60978  -5619.62428    497.37022  -0.9862037   1.4366831   7.3500155 2026 01 14 06 07 17.73
0  -4446.22279  -5604.94880    570.84223  -0.9363526   1.4983736   7.3442348 2026 01 14 06 07 27.73
0  -4455.33633  -5589.65757    644.25245  -0.8863105   1.5598311   7.3376592 2026 01 14 06 07 37.73
0  -4463.94851  -5573.75296    717.59295  -0.8360831   1.6210487   7.3302892 2026 01 14 06 07 47.73
0  -4472.05752  -5557.23741    790.85577  -0.7856762   1.6820195   7.3221259 2026 01 14 06 07 57.73
0  -4479.66159  -5540.11340    864.03300  -0.7350957   1.7427366   7.3131699 2026 01 14 06 08 07.73
0  -4486.75900  -5522.38352    937.11671  -0.6843473   1.8031932   7.3034223 2026 01 14 06 08 17.73
0  -4493.34812  -5504.05040   1010.09899  -0.6334371   1.8633824   7.2928841 2026 01 14 06 08 27.73
0  -4499.42735  -5485.11676   1082.97195  -0.5823709   1.9232975   7.2815565 2026 01 14 06 08 37.73
0  -4504.99516  -5465.58536   1155.72768  -0.5311547   1.9829317   7.2694407 2026 01 14 06 08 47.73
0  -4510.05009  -5445.45905   1228.35832  -0.4797944   2.0422784   7.2565380 2026 01 14 06 08 57.73
0  -4514.59071  -5424.74074   1300.85600  -0.4282961   2.1013308   7.2428499 2026 01 14 06 09 07.73
0  -4518.61569  -5403.43341   1373.21288  -0.3766658   2.1600824   7.2283777 2026 01 14 06 09 17.73
0  -4522.12373  -5381.54008   1445.42113  -0.3249096   2.2185266   7.2131231 2026 01 14 06 09 27.73
0  -4525.11360  -5359.06388   1517.47292  -0.2730334   2.2766569   7.1970879 2026 01 14 06 09 37.73
0  -4527.58413  -5336.00797   1589.36047  -0.2210434   2.3344667   7.1802736 2026 01 14 06 09 47.73
0  -4529.53422  -5312.37559   1661.07598  -0.1689458   2.3919497   7.1626822 2026 01 14 06 09 57.73
0  -4530.96282  -5288.17004   1732.61171  -0.1167466   2.4490994   7.1443156 2026 01 14 06 10 07.73
0  -4531.86895  -5263.39469   1803.95990  -0.0644521   2.5059095   7.1251758 2026 01 14 06 10 17.73
0  -4532.25168  -5238.05295   1875.11283  -0.0120683   2.5623738   7.1052649 2026 01 14 06 10 27.73
0  -4532.11015  -5212.14833   1946.06281   0.0403985   2.6184858   7.0845851 2026 01 14 06 10 37.73
0  -4531.44356  -5185.68438   2016.80215   0.0929421   2.6742396   7.0631387 2026 01 14 06 10 47.73
0  -4530.25117  -5158.66470   2087.32321   0.1455563   2.7296287   7.0409281 2026 01 14 06 10 57.73
0  -4528.53232  -5131.09298   2157.61835   0.1982348   2.7846473   7.0179556 2026 01 14 06 11 07.73
0  -4526.28638  -5102.97295   2227.67996   0.2509714   2.8392892   6.9942239 2026 01 14 06 11 17.73
0  -4523.51282  -5074.30841   2297.50047   0.3037598   2.8935484   6.9697354 2026 01 14 06 11 27.73
0  -4520.21113  -5045.10321   2367.07233   0.3565938   2.9474190   6.9444930 2026 01 14 06 11 37.73
0  -4516.38091  -5015.36128   2436.38800   0.4094669   3.0008950   6.9184995 2026 01 14 06 11 47.73
0  -4512.02178  -4985.08658   2505.43999   0.4623730   3.0539707   6.8917575 2026 01 14 06 11 57.73
0  -4507.13345  -4954.28315   2574.22083   0.5153056   3.1066402   6.8642702 2026 01 14 06 12 07.73
0  -4501.71569  -4922.95507   2642.72308   0.5682585   3.1588977   6.8360406 2026 01 14 06 12 17.73
0  -4495.76832  -4891.10651   2710.93934   0.6212253   3.2107377   6.8070717 2026 01 14 06 12 27.73
0  -4489.29124  -4858.74165   2778.86222   0.6741997   3.2621545   6.7773668 2026 01 14 06 12 37.73
0  -4482.28441  -4825.86477   2846.48439   0.7271753   3.3131425   6.7469291 2026 01 14 06 12 47.73
0  -4474.74784  -4792.48017   2913.79853   0.7801457   3.3636963   6.7157620 2026 01 14 06 12 57.73
0  -4466.68162  -4758.59223   2980.79737   0.8331046   3.4138102   6.6838690 2026 01 14 06 13 07.73
0  -4458.08589  -4724.20536   3047.47366   0.8860456   3.4634791   6.6512534 2026 01 14 06 13 17.73
0  -4448.96086  -4689.32406   3113.82019   0.9389623   3.5126975   6.6179191 2026 01 14 06 13 27.73
0  -4439.30682  -4653.95285   3179.82980   0.9918484   3.5614601   6.5838695 2026 01 14 06 13 37.73
0  -4429.12409  -4618.09631   3245.49536   1.0446974   3.6097618   6.5491085 2026 01 14 06 13 47.73
0  -4418.41309  -4581.75908   3310.80976   1.0975029   3.6575974   6.5136399 2026 01 14 06 13 57.73
0  -4407.17427  -4544.94584   3375.76596   1.1502587   3.7049617   6.4774676 2026 01 14 06 14 07.73
0  -4395.40817  -4507.66134   3440.35692   1.2029582   3.7518499   6.4405957 2026 01 14 06 14 17.73
0  -4383.11538  -4469.91035   3504.57569   1.2555951   3.7982569   6.4030280 2026 01 14 06 14 27.73
0  -4370.29656  -4431.69772   3568.41532   1.3081630   3.8441778   6.3647689 2026 01 14 06 14 37.73
0  -4356.95244  -4393.02834   3631.86891   1.3606555   3.8896077   6.3258225 2026 01 14 06 14 47.73
0  -4343.08379  -4353.90713   3694.92962   1.4130662   3.9345420   6.2861931 2026 01 14 06 14 57.73
0  -4328.69147  -4314.33907   3757.59064   1.4653888   3.9789758   6.2458851 2026 01 14 06 15 07.73
0  -4313.77638  -4274.32919   3819.84521   1.5176169   4.0229046   6.2049029 2026 01 14 06 15 17.73
0  -4298.33952  -4233.88258   3881.68660   1.5697441   4.0663237   6.1632510 2026 01 14 06 15 27.73
0  -4282.38191  -4193.00433   3943.10813   1.6217640   4.1092287   6.1209340 2026 01 14 06 15 37.73
0  -4265.90467  -4151.69963   4004.10320   1.6736703   4.1516151   6.0779566 2026 01 14 06 15 47.73
0  -4248.90896  -4109.97367   4064.66520   1.7254566   4.1934786   6.0343234 2026 01 14 06 15 57.73
0  -4231.39601  -4067.83171   4124.78761   1.7771166   4.2348148   5.9900393 2026 01 14 06 16 07.73
0  -4213.36712  -4025.27904   4184.46395   1.8286440   4.2756194   5.9451092 2026 01 14 06 16 17.73
0  -4194.82364  -3982.32100   4243.68777   1.8800324   4.3158884   5.8995380 2026 01 14 06 16 27.73
0  -4175.76700  -3938.96297   4302.45269   1.9312756   4.3556176   5.8533306 2026 01 14 06 16 37.73
0  -4156.19868  -3895.21036   4360.75238   1.9823672   4.3948029   5.8064922 2026 01 14 06 16 47.73
0  -4136.12023  -3851.06863   4418.58056   2.0333009   4.4334405   5.7590280 2026 01 14 06 16 57.73
0  -4115.53325  -3806.54328   4475.93098   2.0840705   4.4715264   5.7109430 2026 01 14 06 17 07.73
0  -4094.43942  -3761.63985   4532.79747   2.1346697   4.5090567   5.6622427 2026 01 14 06 17 17.73
0  -4072.84048  -3716.36391   4589.17389   2.1850922   4.5460278   5.6129323 2026 01 14 06 17 27.73
0  -4050.73823  -3670.72107   4645.05419   2.2353319   4.5824360   5.5630173 2026 01 14 06 17 37.73
0  -4028.13451  -3624.71697   4700.43233   2.2853825   4.6182776   5.5125030 2026 01 14 06 17 47.73
0  -4005.03126  -3578.35731   4755.30236   2.3352378   4.6535491   5.4613952 2026 01 14 06 17 57.73
0  -3981.43046  -3531.64780   4809.65836   2.3848917   4.6882470   5.4096992 2026 01 14 06 18 07.73
0  -3957.33416  -3484.59419   4863.49449   2.4343379   4.7223680   5.3574209 2026 01 14 06 18 17.73
0  -3932.74445  -3437.20227   4916.80494   2.4835704   4.7559088   5.3045660 2026 01 14 06 18 27.73
0  -3907.66351  -3389.47785   4969.58398   2.5325830   4.7888659   5.2511401 2026 01 14 06 18 37.73
0  -3882.09357  -3341.42680   5021.82594   2.5813696   4.8212364   5.1971493 2026 01 14 06 18 47.73
0  -3856.03692  -3293.05499   5073.52518   2.6299242   4.8530171   5.1425993 2026 01 14 06 18 57.73
0  -3829.49591  -3244.36833   5124.67615   2.6782407   4.8842050   5.0874961 2026 01 14 06 19 07.73
0  -3802.47295  -3195.37277   5175.27335   2.7263130   4.9147971   5.0318458 2026 01 14 06 19 17.73
0  -3774.97051  -3146.07428   5225.31133   2.7741352   4.9447906   4.9756544 2026 01 14 06 19 27.73
0  -3746.99112  -3096.47886   5274.78472   2.8217012   4.9741825   4.9189281 2026 01 14 06 19 37.73
0  -3718.53738  -3046.59254   5323.68819   2.8690051   5.0029703   4.8616731 2026 01 14 06 19 47.73
0  -3689.61194  -2996.42138   5372.01650   2.9160410   5.0311513   4.8038955 2026 01 14 06 19 57.73
0  -3660.21750  -2945.97145   5419.76444   2.9628030   5.0587228   4.7456018 2026 01 14 06 20 07.73
0  -3630.35683  -2895.24886   5466.92689   3.0092851   5.0856824   4.6867982 2026 01 14 06 20 17.73
0  -3600.03277  -2844.25975   5513.49878   3.0554816   5.1120276   4.6274912 2026 01 14 06 20 27.73
0  -3569.24819  -2793.01027   5559.47511   3.1013866   5.1377561   4.5676872 2026 01 14 06 20 37.73
0  -3538.00605  -2741.50660   5604.85094   3.1469943   5.1628656   4.5073928 2026 01 14 06 20 47.73
0  -3506.30933  -2689.75494   5649.62140   3.1922990   5.1873540   4.4466145 2026 01 14 06 20 57.73
0  -3474.16111  -2637.76150   5693.78168   3.2372949   5.2112190   4.3853589 2026 01 14 06 21 07.73
0  -3441.56450  -2585.53255   5737.32705   3.2819763   5.2344586   4.3236326 2026 01 14 06 21 17.73
0  -3408.52267  -2533.07433   5780.25283   3.3263375   5.2570710   4.2614425 2026 01 14 06 21 27.73
0  -3375.03885  -2480.39314   5822.55442   3.3703730   5.2790541   4.1987952 2026 01 14 06 21 37.73
0  -3341.11633  -2427.49526   5864.22727   3.4140772   5.3004061   4.1356976 2026 01 14 06 21 47.73
0  -3306.75845  -2374.38704   5905.26693   3.4574443   5.3211254   4.0721564 2026 01 14 06 21 57.73
0  -3271.96860  -2321.07479   5945.66898   3.5004690   5.3412101   4.0081787 2026 01 14 06 22 07.73
0  -3236.75024  -2267.56487   5985.42910   3.5431457   5.3606589   3.9437713 2026 01 14 06 22 17.73
0  -3201.10688  -2213.86365   6024.54303   3.5854690   5.3794700   3.8789413 2026 01 14 06 22 27.73
0  -3165.04207  -2159.97752   6063.00657   3.6274334   5.3976422   3.8136956 2026 01 14 06 22 37.73
0  -3128.55944  -2105.91286   6100.81561   3.6690336   5.4151740   3.7480413 2026 01 14 06 22 47.73
0  -3091.66264  -2051.67609   6137.96609   3.7102642   5.4320641   3.6819855 2026 01 14 06 22 57.73
0  -3054.35541  -1997.27364   6174.45403   3.7511199   5.4483114   3.6155355 2026 01 14 06 23 07.73
0  -3016.64152  -1942.71194   6210.27553   3.7915955   5.4639148   3.5486983 2026 01 14 06 23 17.73
0  -2978.52480  -1887.99742   6245.42676   3.8316856   5.4788731   3.4814813 2026 01 14 06 23 27.73
0  -2940.00913  -1833.13655   6279.90394   3.8713851   5.4931854   3.4138917 2026 01 14 06 23 37.73
0  -2901.09843  -1778.13580   6313.70340   3.9106890   5.5068507   3.3459367 2026 01 14 06 23 47.73
0  -2861.79669  -1723.00163   6346.82150   3.9495920   5.5198684   3.2776238 2026 01 14 06 23 57.73
0  -2822.10795  -1667.74052   6379.25472   3.9880890   5.5322376   3.2089603 2026 01 14 06 24 07.73
0  -2782.03629  -1612.35897   6410.99958   4.0261752   5.5439576   3.1399537 2026 01 14 06 24 17.73
0  -2741.58584  -1556.86347   6442.05269   4.0638455   5.5550279   3.0706113 2026 01 14 06 24 27.73
0  -2700.76079  -1501.26052   6472.41073   4.1010949   5.5654479   3.0009407 2026 01 14 06 24 37.73
0  -2659.56537  -1445.55662   6502.07046   4.1379187   5.5752173   2.9309494 2026 01 14 06 24 47.73
0  -2618.00386  -1389.75828   6531.02869   4.1743119   5.5843356   2.8606450 2026 01 14 06 24 57.73
0  -2576.08059  -1333.87201   6559.28235   4.2102697   5.5928026   2.7900350 2026 01 14 06 25 07.73
0  -2533.79994  -1277.90434   6586.82841   4.2457875   5.6006180   2.7191269 2026 01 14 06 25 17.73
0  -2491.16633  -1221.86177   6613.66393   4.2808604   5.6077818   2.6479286 2026 01 14 06 25 27.73
0  -2448.18424  -1165.75082   6639.78605   4.3154839   5.6142938   2.5764476 2026 01 14 06 25 37.73
0  -2404.85817  -1109.57801   6665.19198   4.3496534   5.6201541   2.5046917 2026 01 14 06 25 47.73
0  -2361.19270  -1053.34985   6689.87901   4.3833642   5.6253628   2.4326684 2026 01 14 06 25 57.73
0  -2317.19244   -997.07287   6713.84450   4.4166119   5.6299200   2.3603858 2026 01 14 06 26 07.73
0  -2272.86203   -940.75357   6737.08589   4.4493921   5.6338260   2.2878513 2026 01 14 06 26 17.73
0  -2228.20618   -884.39847   6759.60072   4.4817002   5.6370812   2.2150730 2026 01 14 06 26 27.73
0  -2183.22962   -828.01407   6781.38657   4.5135321   5.6396858   2.1420586 2026 01 14 06 26 37.73
0  -2137.93714   -771.60687   6802.44114   4.5448832   5.6416404   2.0688159 2026 01 14 06 26 47.73
0  -2092.33357   -715.18338   6822.76217   4.5757495   5.6429455   1.9953529 2026 01 14 06 26 57.73
0  -2046.42378   -658.75008   6842.34750   4.6061267   5.6436018   1.9216774 2026 01 14 06 27 07.73
0  -2000.21268   -602.31346   6861.19504   4.6360107   5.6436099   1.8477973 2026 01 14 06 27 17.73
0  -1953.70523   -545.88000   6879.30279   4.6653973   5.6429707   1.7737206 2026 01 14 06 27 27.73
0  -1906.90641   -489.45616   6896.66883   4.6942826   5.6416848   1.6994552 2026 01 14 06 27 37.73
0  -1859.82126   -433.04841   6913.29130   4.7226625   5.6397534   1.6250091 2026 01 14 06 27 47.73
0  -1812.45485   -376.66320   6929.16844   4.7505331   5.6371773   1.5503902 2026 01 14 06 27 57.73
0  -1764.81231   -320.30697   6944.29856   4.7778906   5.6339576   1.4756066 2026 01 14 06 28 07.73
0  -1716.89877   -263.98616   6958.68006   4.8047310   5.6300955   1.4006663 2026 01 14 06 28 17.73
0  -1668.71942   -207.70717   6972.31140   4.8310508   5.6255922   1.3255774 2026 01 14 06 28 27.73
0  -1620.27949   -151.47641   6985.19114   4.8568461   5.6204489   1.2503478 2026 01 14 06 28 37.73
0  -1571.58425    -95.30029   6997.31792   4.8821133   5.6146670   1.1749856 2026 01 14 06 28 47.73
0  -1522.63900    -39.18516   7008.69044   4.9068488   5.6082480   1.0994990 2026 01 14 06 28 57.73
0  -1473.44906     16.86259   7019.30751   4.9310491   5.6011933   1.0238959 2026 01 14 06 29 07.73
0  -1424.01981     72.83662   7029.16800   4.9547107   5.5935045   0.9481846 2026 01 14 06 29 17.73
0  -1374.35665    128.73060   7038.27087   4.9778302   5.5851832   0.8723730 2026 01 14 06 29 27.73
0  -1324.46501    184.53821   7046.61516   5.0004042   5.5762312   0.7964694 2026 01 14 06 29 37.73
0  -1274.35038    240.25315   7054.19999   5.0224295   5.5666503   0.7204818 2026 01 14 06 29 47.73
0  -1224.01825    295.86915   7061.02455   5.0439028   5.5564422   0.6444184 2026 01 14 06 29 57.73
0  -1173.47417    351.37994   7067.08813   5.0648210   5.5456090   0.5682873 2026 01 14 06 30 07.73
0  -1122.72369    406.77927   7072.39010   5.0851809   5.5341526   0.4920966 2026 01 14 06 30 17.73
0  -1071.77241    462.06094   7076.92989   5.1049794   5.5220751   0.4158546 2026 01 14 06 30 27.73
0  -1020.62597    517.21873   7080.70705   5.1242137   5.5093787   0.3395694 2026 01 14 06 30 37.73
0   -969.29001    572.24648   7083.72117   5.1428807   5.4960654   0.2632491 2026 01 14 06 30 47.73
0   -917.77024    627.13801   7085.97194   5.1609775   5.4821376   0.1869018 2026 01 14 06 30 57.73
0   -866.07236    681.88721   7087.45914   5.1785015   5.4675977   0.1105359 2026 01 14 06 31 07.73
0   -814.20211    736.48796   7088.18262   5.1954499   5.4524480   0.0341593 2026 01 14 06 31 17.73
0   -762.16527    790.93416   7088.14232   5.2118199   5.4366911  -0.0422196 2026 01 14 06 31 27.73
0   -709.96763    845.21978   7087.33825   5.2276090   5.4203294  -0.1185928 2026 01 14 06 31 37.73
0   -657.61502    899.33876   7085.77051   5.2428147   5.4033656  -0.1949521 2026 01 14 06 31 47.73
0   -605.11327    953.28511   7083.43928   5.2574344   5.3858023  -0.2712892 2026 01 14 06 31 57.73
0   -552.46827   1007.05283   7080.34483   5.2714657   5.3676423  -0.3475962 2026 01 14 06 32 07.73
0   -499.68591   1060.63599   7076.48748   5.2849063   5.3488884  -0.4238647 2026 01 14 06 32 17.73
0   -446.77210   1114.02864   7071.86768   5.2977539   5.3295435  -0.5000867 2026 01 14 06 32 27.73
0   -393.73279   1167.22491   7066.48593   5.3100063   5.3096105  -0.5762539 2026 01 14 06 32 37.73
0   -340.57394   1220.21891   7060.34281   5.3216614   5.2890924  -0.6523583 2026 01 14 06 32 47.73
0   -287.30154   1273.00483   7053.43899   5.3327170   5.2679923  -0.7283918 2026 01 14 06 32 57.73
0   -233.92158   1325.57684   7045.77523   5.3431711   5.2463132  -0.8043461 2026 01 14 06 33 07.73
0   -180.44010   1377.92918   7037.35236   5.3530219   5.2240585  -0.8802132 2026 01 14 06 33 17.73
0   -126.86313   1430.05611   7028.17128   5.3622673   5.2012314  -0.9559849 2026 01 14 06 33 27.73
0    -73.19675   1481.95192   7018.23299   5.3709057   5.1778351  -1.0316533 2026 01 14 06 33 37.73
0    -19.44702   1533.61093   7007.53858   5.3789351   5.1538731  -1.1072101 2026 01 14 06 33 47.73
0     34.37995   1585.02751   6996.08918   5.3863541   5.1293488  -1.1826472 2026 01 14 06 33 57.73
0     88.27805   1636.19605   6983.88605   5.3931610   5.1042657  -1.2579568 2026 01 14 06 34 07.73
0    142.24115   1687.11098   6970.93049   5.3993541   5.0786274  -1.3331306 2026 01 14 06 34 17.73
0    196.26311   1737.76676   6957.22390   5.4049322   5.0524375  -1.4081606 2026 01 14 06 34 27.73
0    250.33777   1788.15791   6942.76776   5.4098937   5.0256996  -1.4830388 2026 01 14 06 34 37.73
0    304.45896   1838.27894   6927.56364   5.4142373   4.9984176  -1.5577573 2026 01 14 06 34 47.73
0    358.62049   1888.12446   6911.61316   5.4179618   4.9705953  -1.6323080 2026 01 14 06 34 57.73
0    412.81617   1937.68906   6894.91805   5.4210661   4.9422364  -1.7066829 2026 01 14 06 35 07.73
0    467.03978   1986.96741   6877.48010   5.4235489   4.9133449  -1.7808741 2026 01 14 06 35 17.73
0    521.28511   2035.95420   6859.30118   5.4254092   4.8839249  -1.8548736 2026 01 14 06 35 27.73
0    575.54592   2084.64416   6840.38327   5.4266461   4.8539802  -1.9286736 2026 01 14 06 35 37.73
0    629.81598   2133.03206   6820.72838   5.4272586   4.8235151  -2.0022661 2026 01 14 06 35 47.73
0    684.08905   2181.11273   6800.33864   5.4272460   4.7925337  -2.0756432 2026 01 14 06 35 57.73
0    738.35886   2228.88102   6779.21623   5.4266074   4.7610401  -2.1487972 2026 01 14 06 36 07.73
0    792.61915   2276.33183   6757.36344   5.4253422   4.7290386  -2.2217201 2026 01 14 06 36 17.73
0    846.86365   2323.46011   6734.78260   5.4234497   4.6965336  -2.2944041 2026 01 14 06 36 27.73
0    901.08609   2370.26083   6711.47614   5.4209295   4.6635294  -2.3668416 2026 01 14 06 36 37.73
0    955.28018   2416.72904   6687.44658   5.4177810   4.6300304  -2.4390246 2026 01 14 06 36 47.73
0   1009.43965   2462.85980   6662.69649   5.4140038   4.5960411  -2.5109456 2026 01 14 06 36 57.73
0   1063.55821   2508.64823   6637.22853   5.4095977   4.5615661  -2.5825967 2026 01 14 06 37 07.73
0   1117.62955   2554.08950   6611.04544   5.4045623   4.5266098  -2.6539703 2026 01 14 06 37 17.73
0   1171.64740   2599.17882   6584.15004   5.3988975   4.4911770  -2.7250587 2026 01 14 06 37 27.73
0   1225.60545   2643.91145   6556.54520   5.3926032   4.4552723  -2.7958544 2026 01 14 06 37 37.73
0   1279.49740   2688.28270   6528.23391   5.3856793   4.4189004  -2.8663497 2026 01 14 06 37 47.73
0   1333.31698   2732.28790   6499.21919   5.3781260   4.3820661  -2.9365370 2026 01 14 06 37 57.73
0   1387.05787   2775.92247   6469.50417   5.3699432   4.3447743  -3.0064089 2026 01 14 06 38 07.73
0   1440.71378   2819.18186   6439.09204   5.3611311   4.3070297  -3.0759578 2026 01 14 06 38 17.73
0   1494.27843   2862.06155   6407.98607   5.3516902   4.2688375  -3.1451763 2026 01 14 06 38 27.73
0   1547.74553   2904.55711   6376.18959   5.3416206   4.2302024  -3.2140569 2026 01 14 06 38 37.73
0   1601.10879   2946.66412   6343.70602   5.3309228   4.1911295  -3.2825923 2026 01 14 06 38 47.73
0   1654.36194   2988.37823   6310.53886   5.3195972   4.1516240  -3.3507751 2026 01 14 06 38 57.73
0   1707.49869   3029.69514   6276.69166   5.3076445   4.1116909  -3.4185979 2026 01 14 06 39 07.73
0   1760.51278   3070.61061   6242.16807   5.2950652   4.0713353  -3.4860534 2026 01 14 06 39 17.73
0   1813.39795   3111.12043   6206.97178   5.2818601   4.0305625  -3.5531345 2026 01 14 06 39 27.73
0   1866.14794   3151.22045   6171.10659   5.2680299   3.9893776  -3.6198339 2026 01 14 06 39 37.73
0   1918.75650   3190.90659   6134.57634   5.2535756   3.9477861  -3.6861444 2026 01 14 06 39 47.73
0   1971.21741   3230.17480   6097.38495   5.2384979   3.9057932  -3.7520590 2026 01 14 06 39 57.73
0   2023.52442   3269.02110   6059.53643   5.2227980   3.8634043  -3.8175704 2026 01 14 06 40 07.73
0   2075.67133   3307.44155   6021.03484   5.2064768   3.8206247  -3.8826716 2026 01 14 06 40 17.73
0   2127.65193   3345.43227   5981.88432   5.1895356   3.7774600  -3.9473557 2026 01 14 06 40 27.73
0   2179.46002   3382.98944   5942.08907   5.1719756   3.7339157  -4.0116157 2026 01 14 06 40 37.73
0   2231.08942   3420.10929   5901.65337   5.1537980   3.6899972  -4.0754446 2026 01 14 06 40 47.73
0   2282.53396   3456.78811   5860.58156   5.1350042   3.6457101  -4.1388356 2026 01 14 06 40 57.73
0   2333.78748   3493.02224   5818.87806   5.1155958   3.6010601  -4.2017819 2026 01 14 06 41 07.73
0   2384.84386   3528.80807   5776.54735   5.0955741   3.5560528  -4.2642766 2026 01 14 06 41 17.73
0   2435.69696   3564.14207   5733.59397   5.0749409   3.5106939  -4.3263130 2026 01 14 06 41 27.73
0   2486.34067   3599.02075   5690.02255   5.0536977   3.4649891  -4.3878844 2026 01 14 06 41 37.73
0   2536.76891   3633.44066   5645.83777   5.0318463   3.4189441  -4.4489842 2026 01 14 06 41 47.73
0   2586.97561   3667.39846   5601.04438   5.0093886   3.3725647  -4.5096058 2026 01 14 06 41 57.73
0   2636.95470   3700.89081   5555.64719   4.9863264   3.3258568  -4.5697426 2026 01 14 06 42 07.73
0   2686.70015   3733.91446   5509.65108   4.9626616   3.2788262  -4.6293881 2026 01 14 06 42 17.73
0   2736.20595   3766.46621   5463.06100   4.9383964   3.2314788  -4.6885359 2026 01 14 06 42 27.73
0   2785.46610   3798.54293   5415.88195   4.9135328   3.1838205  -4.7471797 2026 01 14 06 42 37.73
0   2834.47464   3830.14154   5368.11901   4.8880730   3.1358573  -4.8053130 2026 01 14 06 42 47.73
0   2883.22560   3861.25901   5319.77732   4.8620192   3.0875951  -4.8629295 2026 01 14 06 42 57.73
0   2931.71306   3891.89240   5270.86207   4.8353739   3.0390400  -4.9200232 2026 01 14 06 43 07.73
0   2979.93113   3922.03879   5221.37853   4.8081394   2.9901980  -4.9765876 2026 01 14 06 43 17.73
0   3027.87391   3951.69535   5171.33201   4.7803181   2.9410751  -5.0326169 2026 01 14 06 43 27.73
0   3075.53555   3980.85930   5120.72790   4.7519127   2.8916775  -5.0881047 2026 01 14 06 43 37.73
0   3122.91023   4009.52792   5069.57164   4.7229256   2.8420113  -5.1430453 2026 01 14 06 43 47.73
0   3169.99214   4037.69857   5017.86874   4.6933598   2.7920826  -5.1974326 2026 01 14 06 43 57.73
0   3216.77551   4065.36864   4965.62476   4.6632178   2.7418976  -5.2512607 2026 01 14 06 44 07.73
0   3263.25459   4092.53560   4912.84531   4.6325026   2.6914625  -5.3045238 2026 01 14 06 44 17.73
0   3309.42366   4119.19699   4859.53608   4.6012170   2.6407835  -5.3572161 2026 01 14 06 44 27.73
0   3355.27704   4145.35040   4805.70281   4.5693640   2.5898669  -5.4093318 2026 01 14 06 44 37.73
0   3400.80906   4170.99347   4751.35129   4.5369467   2.5387189  -5.4608655 2026 01 14 06 44 47.73
0   3446.01410   4196.12394   4696.48736   4.5039681   2.4873459  -5.5118114 2026 01 14 06 44 57.73
0   3490.88655   4220.73957   4641.11694   4.4704316   2.4357541  -5.5621640 2026 01 14 06 45 07.73
0   3535.42087   4244.83822   4585.24598   4.4363402   2.3839498  -5.6119178 2026 01 14 06 45 17.73
0   3579.61151   4268.41778   4528.88050   4.4016975   2.3319395  -5.6610676 2026 01 14 06 45 27.73
0   3623.45298   4291.47624   4472.02656   4.3665067   2.2797295  -5.7096078 2026 01 14 06 45 37.73
0   3666.93981   4314.01163   4414.69029   4.3307713   2.2273261  -5.7575333 2026 01 14 06 45 47.73
0   3710.06658   4336.02204   4356.87786   4.2944950   2.1747358  -5.8048388 2026 01 14 06 45 57.73
0   3752.82790   4357.50564   4298.59550   4.2576811   2.1219650  -5.8515192 2026 01 14 06 46 07.73
0   3795.21841   4378.46066   4239.84948   4.2203336   2.0690201  -5.8975694 2026 01 14 06 46 17.73
0   3837.23278   4398.88538   4180.64613   4.1824560   2.0159075  -5.9429844 2026 01 14 06 46 27.73
0   3878.86575   4418.77817   4120.99183   4.1440523   1.9626338  -5.9877592 2026 01 14 06 46 37.73
0   3920.11206   4438.13743   4060.89300   4.1051262   1.9092055  -6.0318891 2026 01 14 06 46 47.73
0   3960.96651   4456.96167   4000.35612   4.0656818   1.8556289  -6.0753692 2026 01 14 06 46 57.73
0   4001.42395   4475.24943   3939.38770   4.0257230   1.8019106  -6.1181947 2026 01 14 06 47 07.73
0   4041.47924   4492.99932   3877.99433   3.9852539   1.7480572  -6.1603610 2026 01 14 06 47 17.73
0   4081.12730   4510.21003   3816.18260   3.9442787   1.6940750  -6.2018635 2026 01 14 06 47 27.73
0   4120.36310   4526.88030   3753.95919   3.9028016   1.6399708  -6.2426977 2026 01 14 06 47 37.73
0   4159.18164   4543.00895   3691.33080   3.8608268   1.5857509  -6.2828592 2026 01 14 06 47 47.73
0   4197.57795   4558.59484   3628.30418   3.8183586   1.5314220  -6.3223435 2026 01 14 06 47 57.73
0   4235.54714   4573.63693   3564.88611   3.7754016   1.4769906  -6.3611464 2026 01 14 06 48 07.73
0   4273.08432   4588.13422   3501.08345   3.7319601   1.4224632  -6.3992636 2026 01 14 06 48 17.73
0   4310.18469   4602.08578   3436.90306   3.6880386   1.3678464  -6.4366910 2026 01 14 06 48 27.73
0   4346.84346   4615.49075   3372.35186   3.6436419   1.3131469  -6.4734245 2026 01 14 06 48 37.73
0   4383.05591   4628.34834   3307.43681   3.5987744   1.2583710  -6.5094600 2026 01 14 06 48 47.73
0   4418.81735   4640.65782   3242.16492   3.5534410   1.2035255  -6.5447938 2026 01 14 06 48 57.73
0   4454.12314   4652.41852   3176.54321   3.5076464   1.1486170  -6.5794219 2026 01 14 06 49 07.73
0   4488.96870   4663.62985   3110.57877   3.4613954   1.0936519  -6.6133405 2026 01 14 06 49 17.73
0   4523.34948   4674.29127   3044.27870   3.4146929   1.0386368  -6.6465459 2026 01 14 06 49 27.73
0   4557.26101   4684.40232   2977.65016   3.3675440   0.9835784  -6.6790346 2026 01 14 06 49 37.73
0   4590.69883   4693.96259   2910.70034   3.3199535   0.9284832  -6.7108029 2026 01 14 06 49 47.73
0   4623.65856   4702.97176   2843.43645   3.2719267   0.8733577  -6.7418475 2026 01 14 06 49 57.73
0   4656.13586   4711.42954   2775.86574   3.2234685   0.8182086  -6.7721649 2026 01 14 06 50 07.73
0   4688.12645   4719.33575   2707.99552   3.1745842   0.7630424  -6.8017518 2026 01 14 06 50 17.73
0   4719.62608   4726.69024   2639.83309   3.1252791   0.7078657  -6.8306050 2026 01 14 06 50 27.73
0   4750.63058   4733.49293   2571.38581   3.0755584   0.6526850  -6.8587214 2026 01 14 06 50 37.73
0   4781.13581   4739.74382   2502.66107   3.0254275   0.5975069  -6.8860979 2026 01 14 06 50 47.73
0   4811.13771   4745.44297   2433.66627   2.9748918   0.5423379  -6.9127315 2026 01 14 06 50 57.73
0   4840.63225   4750.59051   2364.40887   2.9239568   0.4871845  -6.9386192 2026 01 14 06 51 07.73
0   4869.61546   4755.18662   2294.89633   2.8726280   0.4320533  -6.9637584 2026 01 14 06 51 17.73
0   4898.08344   4759.23155   2225.13616   2.8209109   0.3769508  -6.9881462 2026 01 14 06 51 27.73
0   4926.03233   4762.72563   2155.13587   2.7688112   0.3218834  -7.0117800 2026 01 14 06 51 37.73
0   4953.45833   4765.66924   2084.90303   2.7163346   0.2668578  -7.0346572 2026 01 14 06 51 47.73
0   4980.35771   4768.06283   2014.44521   2.6634868   0.2118803  -7.0567754 2026 01 14 06 51 57.73
0   5006.72678   4769.90691   1943.77002   2.6102735   0.1569574  -7.0781321 2026 01 14 06 52 07.73
0   5032.56191   4771.20206   1872.88508   2.5567007   0.1020955  -7.0987249 2026 01 14 06 52 17.73
0   5057.85954   4771.94893   1801.79803   2.5027741   0.0473012  -7.1185518 2026 01 14 06 52 27.73
0   5082.61616   4772.14822   1730.51656   2.4484997  -0.0074191  -7.1376104 2026 01 14 06 52 37.73
0   5106.82832   4771.80070   1659.04836   2.3938835  -0.0620592  -7.1558988 2026 01 14 06 52 47.73
0   5130.49263   4770.90721   1587.40113   2.3389315  -0.1166124  -7.1734150 2026 01 14 06 52 57.73
0   5153.60577   4769.46865   1515.58261   2.2836497  -0.1710726  -7.1901570 2026 01 14 06 53 07.73
0   5176.16447   4767.48598   1443.60055   2.2280443  -0.2254334  -7.2061230 2026 01 14 06 53 17.73
0   5198.16553   4764.96022   1371.46272   2.1721214  -0.2796883  -7.2213114 2026 01 14 06 53 27.73
0   5219.60579   4761.89248   1299.17690   2.1158873  -0.3338311  -7.2357204 2026 01 14 06 53 37.73
0   5240.48218   4758.28389   1226.75089   2.0593481  -0.3878556  -7.2493486 2026 01 14 06 53 47.73
0   5260.79168   4754.13568   1154.19251   2.0025102  -0.4417553  -7.2621944 2026 01 14 06 53 57.73
0   5280.53134   4749.44911   1081.50960   1.9453798  -0.4955242  -7.2742565 2026 01 14 06 54 07.73
0   5299.69826   4744.22555   1008.70998   1.8879634  -0.5491559  -7.2855336 2026 01 14 06 54 17.73
0   5318.28960   4738.46637    935.80153   1.8302674  -0.6026443  -7.2960244 2026 01 14 06 54 27.73
0   5336.30262   4732.17306    862.79211   1.7722982  -0.6559831  -7.3057278 2026 01 14 06 54 37.73
0   5353.73461   4725.34713    789.68959   1.7140622  -0.7091663  -7.3146429 2026 01 14 06 54 47.73
0   5370.58293   4717.99018    716.50187   1.6555661  -0.7621877  -7.3227686 2026 01 14 06 54 57.73
0   5386.84502   4710.10385    643.23684   1.5968164  -0.8150412  -7.3301041 2026 01 14 06 55 07.73
0   5402.51837   4701.68985    569.90242   1.5378196  -0.8677207  -7.3366487 2026 01 14 06 55 17.73
0   5417.60054   4692.74995    496.50650   1.4785825  -0.9202203  -7.3424016 2026 01 14 06 55 27.73
0   5432.08917   4683.28597    423.05702   1.4191116  -0.9725338  -7.3473622 2026 01 14 06 55 37.73
0   5445.98196   4673.29982    349.56190   1.3594138  -1.0246554  -7.3515300 2026 01 14 06 55 47.73
0   5459.27666   4662.79345    276.02906   1.2994956  -1.0765790  -7.3549047 2026 01 14 06 55 57.73
0   5471.97110   4651.76885    202.46645   1.2393640  -1.1282987  -7.3574858 2026 01 14 06 56 07.73
0   5484.06319   4640.22809    128.88199   1.1790257  -1.1798087  -7.3592731 2026 01 14 06 56 17.73
0   5495.55089   4628.17331     55.28363   1.1184874  -1.2311032  -7.3602665 2026 01 14 06 56 27.73
0   5506.43224   4615.60669    -18.32069   1.0577562  -1.2821762  -7.3604659 2026 01 14 06 56 37.73
0   5516.70534   4602.53048    -91.92304   0.9968388  -1.3330220  -7.3598713 2026 01 14 06 56 47.73
0   5526.36837   4588.94696   -165.51547   0.9357422  -1.3836349  -7.3584828 2026 01 14 06 56 57.73
0   5535.41956   4574.85851   -239.09005   0.8744734  -1.4340091  -7.3563007 2026 01 14 06 57 07.73
0   5543.85724   4560.26753   -312.63884   0.8130392  -1.4841390  -7.3533251 2026 01 14 06 57 17.73
0   5551.67977   4545.17650   -386.15390   0.7514468  -1.5340190  -7.3495564 2026 01 14 06 57 27.73
0   5558.88562   4529.58794   -459.62732   0.6897030  -1.5836433  -7.3449952 2026 01 14 06 57 37.73
0   5565.47331   4513.50444   -533.05116   0.6278151  -1.6330066  -7.3396419 2026 01 14 06 57 47.73
0   5571.44143   4496.92864   -606.41752   0.5657899  -1.6821032  -7.3334972 2026 01 14 06 57 57.73
0   5576.78864   4479.86324   -679.71847   0.5036347  -1.7309277  -7.3265617 2026 01 14 06 58 07.73
0   5581.51368   4462.31097   -752.94612   0.4413565  -1.7794746  -7.3188364 2026 01 14 06 58 17.73
0   5585.61535   4444.27464   -826.09257   0.3789624  -1.8277385  -7.3103221 2026 01 14 06 58 27.73
0   5589.09253   4425.75711   -899.14994   0.3164597  -1.8757141  -7.3010197 2026 01 14 06 58 37.73
0   5591.94417   4406.76129   -972.11034   0.2538554  -1.9233961  -7.2909304 2026 01 14 06 58 47.73
0   5594.16930   4387.29015  -1044.96593   0.1911568  -1.9707791  -7.2800552 2026 01 14 06 58 57.73
0   5595.76699   4367.34669  -1117.70884   0.1283710  -2.0178580  -7.2683955 2026 01 14 06 59 07.73
0   5596.73643   4346.93398  -1190.33123   0.0655053  -2.0646276  -7.2559525 2026 01 14 06 59 17.73
0   5597.07684   4326.05515  -1262.82529   0.0025669  -2.1110827  -7.2427277 2026 01 14 06 59 27.73
0   5596.78753   4304.71336  -1335.18319  -0.0604369  -2.1572183  -7.2287226 2026 01 14 06 59 37.73
0   5595.86789   4282.91183  -1407.39715  -0.1234989  -2.2030292  -7.2139386 2026 01 14 06 59 47.73
0   5594.31737   4260.65384  -1479.45939  -0.1866119  -2.2485106  -7.1983776 2026 01 14 06 59 57.73
0   5592.13550   4237.94271  -1551.36213  -0.2497684  -2.2936574  -7.1820413 2026 01 14 07 00 07.73
0   5589.32187   4214.78180  -1623.09765  -0.3129614  -2.3384648  -7.1649314 2026 01 14 07 00 17.73
0   5585.87617   4191.17454  -1694.65821  -0.3761833  -2.3829279  -7.1470500 2026 01 14 07 00 27.73
0   5581.79813   4167.12439  -1766.03610  -0.4394270  -2.4270418  -7.1283989 2026 01 14 07 00 37.73
0   5577.08758   4142.63486  -1837.22365  -0.5026851  -2.4708019  -7.1089804 2026 01 14 07 00 47.73
0   5571.74440   4117.70953  -1908.21319  -0.5659503  -2.5142034  -7.0887966 2026 01 14 07 00 57.73
0   5565.76857   4092.35199  -1978.99707  -0.6292153  -2.5572417  -7.0678498 2026 01 14 07 01 07.73
0   5559.16013   4066.56590  -2049.56768  -0.6924726  -2.5999122  -7.0461422 2026 01 14 07 01 17.73
0   5551.91918   4040.35497  -2119.91742  -0.7557151  -2.6422103  -7.0236763 2026 01 14 07 01 27.73
0   5544.04591   4013.72294  -2190.03872  -0.8189353  -2.6841315  -7.0004547 2026 01 14 07 01 37.73
0   5535.54058   3986.67360  -2259.92404  -0.8821259  -2.7256714  -6.9764799 2026 01 14 07 01 47.73
0   5526.40352   3959.21079  -2329.56586  -0.9452796  -2.7668256  -6.9517546 2026 01 14 07 01 57.73
0   5516.63515   3931.33838  -2398.95668  -1.0083889  -2.8075897  -6.9262815 2026 01 14 07 02 07.73
0   5506.23593   3903.06030  -2468.08905  -1.0714467  -2.8479595  -6.9000635 2026 01 14 07 02 17.73
0   5495.20643   3874.38051  -2536.95553  -1.1344454  -2.8879307  -6.8731034 2026 01 14 07 02 27.73
0   5483.54726   3845.30302  -2605.54871  -1.1973778  -2.9274991  -6.8454044 2026 01 14 07 02 37.73
0   5471.25914   3815.83188  -2673.86123  -1.2602366  -2.9666608  -6.8169694 2026 01 14 07 02 47.73
0   5458.34282   3785.97118  -2741.88572  -1.3230144  -3.0054114  -6.7878016 2026 01 14 07 02 57.73
0   5444.79917   3755.72503  -2809.61489  -1.3857038  -3.0437472  -6.7579043 2026 01 14 07 03 07.73
0   5430.62909   3725.09762  -2877.04146  -1.4482976  -3.0816641  -6.7272807 2026 01 14 07 03 17.73
0   5415.83358   3694.09316  -2944.15817  -1.5107885  -3.1191582  -6.6959343 2026 01 14 07 03 27.73
0   5400.41371   3662.71588  -3010.95783  -1.5731690  -3.1562257  -6.6638685 2026 01 14 07 03 37.73
0   5384.37062   3630.97008  -3077.43324  -1.6354320  -3.1928628  -6.6310868 2026 01 14 07 03 47.73
0   5367.70551   3598.86007  -3143.57727  -1.6975702  -3.2290658  -6.5975929 2026 01 14 07 03 57.73
0   5350.41968   3566.39022  -3209.38283  -1.7595762  -3.2648310  -6.5633905 2026 01 14 07 04 07.73
0   5332.51448   3533.56492  -3274.84283  -1.8214428  -3.3001549  -6.5284834 2026 01 14 07 04 17.73
0   5313.99135   3500.38860  -3339.95026  -1.8831627  -3.3350339  -6.4928754 2026 01 14 07 04 27.73
0   5294.85177   3466.86573  -3404.69812  -1.9447287  -3.3694645  -6.4565704 2026 01 14 07 04 37.73
0   5275.09734   3433.00081  -3469.07946  -2.0061336  -3.4034433  -6.4195724 2026 01 14 07 04 47.73
0   5254.72969   3398.79838  -3533.08738  -2.0673701  -3.4369670  -6.3818855 2026 01 14 07 04 57.73
0   5233.75055   3364.26300  -3596.71501  -2.1284311  -3.4700322  -6.3435139 2026 01 14 07 05 07.73
0   5212.16171   3329.39927  -3659.95551  -2.1893093  -3.5026357  -6.3044618 2026 01 14 07 05 17.73
0   5189.96503   3294.21183  -3722.80211  -2.2499976  -3.5347743  -6.2647334 2026 01 14 07 05 27.73
0   5167.16244   3258.70534  -3785.24807  -2.3104889  -3.5664449  -6.2243331 2026 01 14 07 05 37.73
0   5143.75596   3222.88449  -3847.28669  -2.3707760  -3.5976445  -6.1832654 2026 01 14 07 05 47.73
0   5119.74766   3186.75402  -3908.91131  -2.4308519  -3.6283701  -6.1415347 2026 01 14 07 05 57.73
0   5095.13968   3150.31867  -3970.11533  -2.4907093  -3.6586187  -6.0991457 2026 01 14 07 06 07.73
0   5069.93425   3113.58323  -4030.89219  -2.5503414  -3.6883875  -6.0561030 2026 01 14 07 06 17.73
0   5044.13365   3076.55251  -4091.23538  -2.6097409  -3.7176737  -6.0124112 2026 01 14 07 06 27.73
0   5017.74025   3039.23136  -4151.13842  -2.6689009  -3.7464745  -5.9680752 2026 01 14 07 06 37.73
0   4990.75648   3001.62463  -4210.59491  -2.7278145  -3.7747872  -5.9230999 2026 01 14 07 06 47.73
0   4963.18483   2963.73723  -4269.59847  -2.7864746  -3.8026093  -5.8774901 2026 01 14 07 06 57.73
0   4935.02787   2925.57407  -4328.14278  -2.8448742  -3.8299382  -5.8312508 2026 01 14 07 07 07.73
0   4906.28825   2887.14009  -4386.22158  -2.9030065  -3.8567715  -5.7843871 2026 01 14 07 07 17.73
0   4876.96867   2848.44028  -4443.82864  -2.9608646  -3.8831066  -5.7369040 2026 01 14 07 07 27.73
0   4847.07191   2809.47960  -4500.95779  -3.0184416  -3.9089412  -5.6888068 2026 01 14 07 07 37.73
0   4816.60081   2770.26310  -4557.60293  -3.0757307  -3.9342732  -5.6401008 2026 01 14 07 07 47.73
0   4785.55829   2730.79579  -4613.75798  -3.1327250  -3.9591001  -5.5907911 2026 01 14 07 07 57.73
0   4753.94733   2691.08275  -4669.41695  -3.1894179  -3.9834199  -5.5408832 2026 01 14 07 08 07.73
0   4721.77097   2651.12906  -4724.57387  -3.2458024  -4.0072305  -5.4903825 2026 01 14 07 08 17.73
0   4689.03233   2610.93981  -4779.22284  -3.3018721  -4.0305298  -5.4392945 2026 01 14 07 08 27.73
0   4655.73460   2570.52013  -4833.35802  -3.3576200  -4.0533158  -5.3876247 2026 01 14 07 08 37.73
0   4621.88102   2529.87516  -4886.97362  -3.4130397  -4.0755868  -5.3353788 2026 01 14 07 08 47.73
0   4587.47491   2489.01007  -4940.06391  -3.4681245  -4.0973407  -5.2825625 2026 01 14 07 08 57.73
0   4552.51966   2447.93003  -4992.62320  -3.5228678  -4.1185760  -5.2291814 2026 01 14 07 09 07.73
0   4517.01871   2406.64023  -5044.64589  -3.5772630  -4.1392907  -5.1752413 2026 01 14 07 09 17.73
0   4480.97557   2365.14590  -5096.12640  -3.6313038  -4.1594834  -5.1207482 2026 01 14 07 09 27.73
0   4444.39382   2323.45225  -5147.05925  -3.6849835  -4.1791525  -5.0657078 2026 01 14 07 09 37.73
0   4407.27710   2281.56454  -5197.43898  -3.7382959  -4.1982964  -5.0101262 2026 01 14 07 09 47.73
0   4369.62912   2239.48801  -5247.26021  -3.7912344  -4.2169137  -4.9540094 2026 01 14 07 09 57.73
0   4331.45365   2197.22795  -5296.51763  -3.8437928  -4.2350030  -4.8973634 2026 01 14 07 10 07.73
0   4292.75452   2154.78965  -5345.20597  -3.8959646  -4.2525630  -4.8401943 2026 01 14 07 10 17.73
0   4253.53563   2112.17839  -5393.32003  -3.9477438  -4.2695925  -4.7825084 2026 01 14 07 10 27.73
0   4213.80093   2069.39949  -5440.85467  -3.9991239  -4.2860903  -4.7243119 2026 01 14 07 10 37.73
0   4173.55445   2026.45828  -5487.80482  -4.0500990  -4.3020552  -4.6656110 2026 01 14 07 10 47.73
0   4132.80027   1983.36008  -5534.16547  -4.1006627  -4.3174863  -4.6064121 2026 01 14 07 10 57.73
0   4091.54254   1940.11024  -5579.93166  -4.1508090  -4.3323826  -4.5467215 2026 01 14 07 11 07.73
0   4049.78545   1896.71412  -5625.09852  -4.2005318  -4.3467430  -4.4865457 2026 01 14 07 11 17.73
0   4007.53327   1853.17708  -5669.66123  -4.2498252  -4.3605669  -4.4258912 2026 01 14 07 11 27.73
0   3964.79032   1809.50448  -5713.61502  -4.2986831  -4.3738534  -4.3647645 2026 01 14 07 11 37.73
0   3921.56100   1765.70170  -5756.95521  -4.3470997  -4.3866017  -4.3031721 2026 01 14 07 11 47.73
0   3877.84974   1721.77413  -5799.67718  -4.3950690  -4.3988113  -4.2411208 2026 01 14 07 11 57.73
