       0.000000000       0.000000000       5.232236905       0.352591346    31045.199317130  99  65966   AzEl         1       1       1       1
       0.000000000       0.000000000       5.238310570       0.360437234    31045.199351852  99  65966   AzEl         1       1       1       1
       0.000000000       0.000000000       5.248898317       0.371243867    31045.199386574  99  65966   AzEl         1       1       1       1
       0.000000000       0.000000000       5.254190513       0.379107357    31045.199421296  99  65966   AzEl         1       1       1       1
       0.000000000       0.000000000       5.262965320       0.392187725    31045.199456019  99  65966   AzEl         1       1       1       1
       0.000000000       0.000000000       5.269156370       0.401189363    31045.199490741  99  65966   AzEl         1       1       1       1
       0.000000000       0.000000000       5.278304709       0.407617283    31045.199525463  99  65966   AzEl         1       1       1       1
       0.000000000       0.000000000       5.291985744       0.421706915    31045.199560185  99  65966   AzEl         1       1       1       1
       0.000000000       0.000000000       5.299603854       0.431406800    31045.199594907  99  65966   AzEl         1       1       1       1
       0.000000000       0.000000000       5.306181365       0.438458810    31045.199629630  99  65966   AzEl         1       1       1       1
       0.000000000       0.000000000       5.318202120       0.450749351    31045.199664352  99  65966   AzEl         1       1       1       1
       0.000000000       0.000000000       5.330998392       0.466271077    31045.199699074  99  65966   AzEl         1       1       1       1
       0.000000000       0.000000000       5.338105682       0.471834913    31045.199733796  99  65966   AzEl         1       1       1       1
       0.000000000       0.000000000       5.352594679       0.485998785    31045.199768519  99  65966   AzEl         1       1       1       1
       0.000000000       0.000000000       5.363677104       0.499521877    31045.199803241  99  65966   AzEl         1       1       1       1
       0.000000000       0.000000000       5.378200020       0.509562369    31045.199837963  99  65966   AzEl         1       1       1       1
       0.000000000       0.000000000       5.388929085       0.525321141    31045.199872685  99  65966   AzEl         1       1       1       1
       0.000000000       0.000000000       5.401049091       0.537735354    31045.199907407  99  65966   AzEl         1       1       1       1
       0.000000000       0.000000000       5.418956809       0.551261974    31045.199942130  99  65966   AzEl         1       1       1       1
       0.000000000       0.000000000       5.433042011       0.564093001    31045.199976852  99  65966   AzEl         1       1       1       1
       0.000000000       0.000000000       5.452405276       0.577020870    31045.200011574  99  65966   AzEl         1       1       1       1
       0.000000000       0.000000000       5.471142040       0.590745930    31045.200046296  99  65966   AzEl         1       1       1       1
       0.000000000       0.000000000       5.485355305       0.604536356    31045.200081019  99  65966   AzEl         1       1       1       1
       0.000000000       0.000000000       5.507572132       0.619881337    31045.200115741  99  65966   AzEl         1       1       1       1
       0.000000000       0.000000000       5.526849535       0.635760261    31045.200150463  99  65966   AzEl         1       1       1       1
       0.000000000       0.000000000       5.548491791       0.651535005    31045.200185185  99  65966   AzEl         1       1       1       1
       0.000000000       0.000000000       5.570308981       0.666123861    31045.200219907  99  65966   AzEl         1       1       1       1
       0.000000000       0.000000000       5.596955955       0.684037039    31045.200254630  99  65966   AzEl         1       1       1       1
       0.000000000       0.000000000       5.618053252       0.700047565    31045.200289352  99  65966   AzEl         1       1       1       1
       0.000000000       0.000000000       5.648885816       0.715784775    31045.200324074  99  65966   AzEl         1       1       1       1
       0.000000000       0.000000000       5.679682053       0.727776305    31045.200358796  99  65966   AzEl         1       1       1       1
       0.000000000       0.000000000       5.705779105       0.749760256    31045.200393519  99  65966   AzEl         1       1       1       1
       0.000000000       0.000000000       5.739056337       0.763632852    31045.200428241  99  65966   AzEl         1       1       1       1
       0.000000000       0.000000000       5.776404725       0.779866803    31045.200462963  99  65966   AzEl         1       1       1       1
       0.000000000       0.000000000       5.810402054       0.794221708    31045.200497685  99  65966   AzEl         1       1       1       1
       0.000000000       0.000000000       5.850949910       0.815142754    31045.200532407  99  65966   AzEl         1       1       1       1
       0.000000000       0.000000000       5.890912197       0.822775127    31045.200567130  99  65966   AzEl         1       1       1       1
       0.000000000       0.000000000       5.934511032       0.837208870    31045.200601852  99  65966   AzEl         1       1       1       1
       0.000000000       0.000000000       5.978507703       0.853454385    31045.200636574  99  65966   AzEl         1       1       1       1
       0.000000000       0.000000000       6.029486293       0.862637776    31045.200671296  99  65966   AzEl         1       1       1       1
       0.000000000       0.000000000       6.078934616       0.873714294    31045.200706019  99  65966   AzEl         1       1       1       1
       0.000000000       0.000000000       6.130426248       0.883577264    31045.200740741  99  65966   AzEl         1       1       1       1
       0.000000000       0.000000000       6.185613233       0.894407916    31045.200775463  99  65966   AzEl         1       1       1       1
       0.000000000       0.000000000       6.243231703       0.901248321    31045.200810185  99  65966   AzEl         1       1       1       1
       0.000000000       0.000000000       0.013108475       0.912834512    31045.200844907  99  65966   AzEl         1       1       1       1
       0.000000000       0.000000000       0.076478874       0.915873156    31045.200879630  99  65966   AzEl         1       1       1       1
       0.000000000       0.000000000       0.131601598       0.912537335    31045.200914352  99  65966   AzEl         1       1       1       1
       0.000000000       0.000000000       0.197337325       0.916681304    31045.200949074  99  65966   AzEl         1       1       1       1
       0.000000000       0.000000000       0.255208430       0.913553549    31045.200983796  99  65966   AzEl         1       1       1       1
       0.000000000       0.000000000       0.313986923       0.912705874    31045.201018519  99  65966   AzEl         1       1       1       1
       0.000000000       0.000000000       0.372506177       0.908981706    31045.201053241  99  65966   AzEl         1       1       1       1
       0.000000000       0.000000000       0.430324317       0.898060325    31045.201087963  99  65966   AzEl         1       1       1       1
       0.000000000       0.000000000       0.487261489       0.890883098    31045.201122685  99  65966   AzEl         1       1       1       1
       0.000000000       0.000000000       0.541620225       0.882037650    31045.201157407  99  65966   AzEl         1       1       1       1
       0.000000000       0.000000000       0.595143489       0.874504603    31045.201192130  99  65966   AzEl         1       1       1       1
       0.000000000       0.000000000       0.643432887       0.861072142    31045.201226852  99  65966   AzEl         1       1       1       1
       0.000000000       0.000000000       0.690675474       0.848712533    31045.201261574  99  65966   AzEl         1       1       1       1
       0.000000000       0.000000000       0.735036763       0.831590852    31045.201296296  99  65966   AzEl         1       1       1       1
       0.000000000       0.000000000       0.782130368       0.820353549    31045.201331019  99  65966   AzEl         1       1       1       1
       0.000000000       0.000000000       0.815872325       0.808783249    31045.201365741  99  65966   AzEl         1       1       1       1
       0.000000000       0.000000000       0.853168069       0.791885560    31045.201400463  99  65966   AzEl         1       1       1       1
       0.000000000       0.000000000       0.893558143       0.774486270    31045.201435185  99  65966   AzEl         1       1       1       1
       0.000000000       0.000000000       0.928210210       0.758859981    31045.201469907  99  65966   AzEl         1       1       1       1
       0.000000000       0.000000000       0.962882405       0.742865801    31045.201504630  99  65966   AzEl         1       1       1       1
       0.000000000       0.000000000       0.990870447       0.727859883    31045.201539352  99  65966   AzEl         1       1       1       1
       0.000000000       0.000000000       1.016454754       0.711640353    31045.201574074  99  65966   AzEl         1       1       1       1
       0.000000000       0.000000000       1.047963049       0.696170071    31045.201608796  99  65966   AzEl         1       1       1       1
       0.000000000       0.000000000       1.070967026       0.682142210    31045.201643519  99  65966   AzEl         1       1       1       1
       0.000000000       0.000000000       1.096885803       0.663511607    31045.201678241  99  65966   AzEl         1       1       1       1
       0.000000000       0.000000000       1.115701804       0.647624474    31045.201712963  99  65966   AzEl         1       1       1       1
       0.000000000       0.000000000       1.139697054       0.632270842    31045.201747685  99  65966   AzEl         1       1       1       1
       0.000000000       0.000000000       1.156978345       0.617076483    31045.201782407  99  65966   AzEl         1       1       1       1
       0.000000000       0.000000000       1.176197660       0.603457560    31045.201817130  99  65966   AzEl         1       1       1       1
       0.000000000       0.000000000       1.196105151       0.587557364    31045.201851852  99  65966   AzEl         1       1       1       1
       0.000000000       0.000000000       1.214102753       0.576158678    31045.201886574  99  65966   AzEl         1       1       1       1
       0.000000000       0.000000000       1.228501934       0.559453352    31045.201921296  99  65966   AzEl         1       1       1       1
       0.000000000       0.000000000       1.242897194       0.547032641    31045.201956019  99  65966   AzEl         1       1       1       1
       0.000000000       0.000000000       1.258409244       0.534182034    31045.201990741  99  65966   AzEl         1       1       1       1
       0.000000000       0.000000000       1.276312935       0.519302847    31045.202025463  99  65966   AzEl         1       1       1       1
       0.000000000       0.000000000       1.286820351       0.505883478    31045.202060185  99  65966   AzEl         1       1       1       1
       0.000000000       0.000000000       1.299663587       0.494646178    31045.202094907  99  65966   AzEl         1       1       1       1
       0.000000000       0.000000000       1.312321872       0.481020734    31045.202129630  99  65966   AzEl         1       1       1       1
       0.000000000       0.000000000       1.322765788       0.470735273    31045.202164352  99  65966   AzEl         1       1       1       1
       0.000000000       0.000000000       1.335600017       0.459029458    31045.202199074  99  65966   AzEl         1       1       1       1
       0.000000000       0.000000000       1.346683874       0.446430902    31045.202233796  99  65966   AzEl         1       1       1       1
       0.000000000       0.000000000       1.352971466       0.437701254    31045.202268519  99  65966   AzEl         1       1       1       1
       0.000000000       0.000000000       1.360983842       0.425455822    31045.202303241  99  65966   AzEl         1       1       1       1
       0.000000000       0.000000000       1.374650154       0.416469375    31045.202337963  99  65966   AzEl         1       1       1       1
       0.000000000       0.000000000       1.384624505       0.405376656    31045.202372685  99  65966   AzEl         1       1       1       1
       0.000000000       0.000000000       1.392067176       0.397932678    31045.202407407  99  65966   AzEl         1       1       1       1
       0.000000000       0.000000000       1.397576042       0.385110660    31045.202442130  99  65966   AzEl         1       1       1       1
       0.000000000       0.000000000       1.410463757       0.378403022    31045.202476852  99  65966   AzEl         1       1       1       1
       0.000000000       0.000000000       1.412525826       0.369229995    31045.202511574  99  65966   AzEl         1       1       1       1
       0.000000000       0.000000000       1.423605409       0.355973039    31045.202546296  99  65966   AzEl         1       1       1       1
       0.000000000       0.000000000       1.426785911       0.355027711    31045.202581019  99  65966   AzEl         1       1       1       1
