       0.000000000       0.000000000       4.630100214       0.352116423    31050.282476852  99  45589   AzEl         1       1       1       1
       0.000000000       0.000000000       4.635180294       0.360599812    31050.282511574  99  45589   AzEl         1       1       1       1
       0.000000000       0.000000000       4.640439416       0.369278137    31050.282546296  99  45589   AzEl         1       1       1       1
       0.000000000       0.000000000       4.645887359       0.378158447    31050.282581019  99  45589   AzEl         1       1       1       1
       0.000000000       0.000000000       4.651534604       0.387248028    31050.282615741  99  45589   AzEl         1       1       1       1
       0.000000000       0.000000000       4.657392401       0.396554403    31050.282650463  99  45589   AzEl         1       1       1       1
       0.000000000       0.000000000       4.663472833       0.406085328    31050.282685185  99  45589   AzEl         1       1       1       1
       0.000000000       0.000000000       4.669788893       0.415848785    31050.282719907  99  45589   AzEl         1       1       1       1
       0.000000000       0.000000000       4.676354567       0.425852969    31050.282754630  99  45589   AzEl         1       1       1       1
       0.000000000       0.000000000       4.683184930       0.436106279    31050.282789352  99  45589   AzEl         1       1       1       1
       0.000000000       0.000000000       4.690296244       0.446617295    31050.282824074  99  45589   AzEl         1       1       1       1
       0.000000000       0.000000000       4.697706076       0.457394751    31050.282858796  99  45589   AzEl         1       1       1       1
       0.000000000       0.000000000       4.705433421       0.468447510    31050.282893519  99  45589   AzEl         1       1       1       1
       0.000000000       0.000000000       4.713498843       0.479784519    31050.282928241  99  45589   AzEl         1       1       1       1
       0.000000000       0.000000000       4.721924631       0.491414761    31050.282962963  99  45589   AzEl         1       1       1       1
       0.000000000       0.000000000       4.730734973       0.503347197    31050.282997685  99  45589   AzEl         1       1       1       1
       0.000000000       0.000000000       4.739956147       0.515590691    31050.283032407  99  45589   AzEl         1       1       1       1
       0.000000000       0.000000000       4.749616736       0.528153922    31050.283067130  99  45589   AzEl         1       1       1       1
       0.000000000       0.000000000       4.759747865       0.541045282    31050.283101852  99  45589   AzEl         1       1       1       1
       0.000000000       0.000000000       4.770383466       0.554272746    31050.283136574  99  45589   AzEl         1       1       1       1
       0.000000000       0.000000000       4.781560571       0.567843728    31050.283171296  99  45589   AzEl         1       1       1       1
       0.000000000       0.000000000       4.793319640       0.581764899    31050.283206019  99  45589   AzEl         1       1       1       1
       0.000000000       0.000000000       4.805704921       0.596041987    31050.283240741  99  45589   AzEl         1       1       1       1
       0.000000000       0.000000000       4.818764849       0.610679528    31050.283275463  99  45589   AzEl         1       1       1       1
       0.000000000       0.000000000       4.832552482       0.625680590    31050.283310185  99  45589   AzEl         1       1       1       1
       0.000000000       0.000000000       4.847125989       0.641046439    31050.283344907  99  45589   AzEl         1       1       1       1
       0.000000000       0.000000000       4.862549166       0.656776160    31050.283379630  99  45589   AzEl         1       1       1       1
       0.000000000       0.000000000       4.878892008       0.672866219    31050.283414352  99  45589   AzEl         1       1       1       1
       0.000000000       0.000000000       4.896231312       0.689309962    31050.283449074  99  45589   AzEl         1       1       1       1
       0.000000000       0.000000000       4.914651309       0.706097036    31050.283483796  99  45589   AzEl         1       1       1       1
       0.000000000       0.000000000       4.934244324       0.723212746    31050.283518519  99  45589   AzEl         1       1       1       1
       0.000000000       0.000000000       4.955111423       0.740637310    31050.283553241  99  45589   AzEl         1       1       1       1
       0.000000000       0.000000000       4.977363031       0.758345049    31050.283587963  99  45589   AzEl         1       1       1       1
       0.000000000       0.000000000       5.001119473       0.776303470    31050.283622685  99  45589   AzEl         1       1       1       1
       0.000000000       0.000000000       5.026511363       0.794472271    31050.283657407  99  45589   AzEl         1       1       1       1
       0.000000000       0.000000000       5.053679757       0.812802263    31050.283692130  99  45589   AzEl         1       1       1       1
       0.000000000       0.000000000       5.082775939       0.831234230    31050.283726852  99  45589   AzEl         1       1       1       1
       0.000000000       0.000000000       5.113960673       0.849697744    31050.283761574  99  45589   AzEl         1       1       1       1
       0.000000000       0.000000000       5.147402701       0.868109986    31050.283796296  99  45589   AzEl         1       1       1       1
       0.000000000       0.000000000       5.183276216       0.886374625    31050.283831019  99  45589   AzEl         1       1       1       1
       0.000000000       0.000000000       5.221756981       0.904380843    31050.283865741  99  45589   AzEl         1       1       1       1
       0.000000000       0.000000000       5.263016717       0.922002631    31050.283900463  99  45589   AzEl         1       1       1       1
       0.000000000       0.000000000       5.307215398       0.939098493    31050.283935185  99  45589   AzEl         1       1       1       1
       0.000000000       0.000000000       5.354491113       0.955511772    31050.283969907  99  45589   AzEl         1       1       1       1
       0.000000000       0.000000000       5.404947350       0.971071803    31050.284004630  99  45589   AzEl         1       1       1       1
       0.000000000       0.000000000       5.458637841       0.985596158    31050.284039352  99  45589   AzEl         1       1       1       1
       0.000000000       0.000000000       5.515549632       0.998894210    31050.284074074  99  45589   AzEl         1       1       1       1
       0.000000000       0.000000000       5.575585689       1.010772192    31050.284108796  99  45589   AzEl         1       1       1       1
       0.000000000       0.000000000       5.638549183       1.021039782    31050.284143519  99  45589   AzEl         1       1       1       1
       0.000000000       0.000000000       5.704132234       1.029518061    31050.284178241  99  45589   AzEl         1       1       1       1
       0.000000000       0.000000000       5.771912296       1.036048363    31050.284212963  99  45589   AzEl         1       1       1       1
       0.000000000       0.000000000       5.841358909       1.040501291    31050.284247685  99  45589   AzEl         1       1       1       1
       0.000000000       0.000000000       5.911852319       1.042784891    31050.284282407  99  45589   AzEl         1       1       1       1
       0.000000000       0.000000000       5.982713305       1.042850922    31050.284317130  99  45589   AzEl         1       1       1       1
       0.000000000       0.000000000       6.053241140       1.040698303    31050.284351852  99  45589   AzEl         1       1       1       1
       0.000000000       0.000000000       6.122754616       1.036373189    31050.284386574  99  45589   AzEl         1       1       1       1
       0.000000000       0.000000000       6.190630281       1.029965674    31050.284421296  99  45589   AzEl         1       1       1       1
       0.000000000       0.000000000       6.256332764       1.021603626    31050.284456019  99  45589   AzEl         1       1       1       1
       0.000000000       0.000000000       0.036248664       1.011444576    31050.284490741  99  45589   AzEl         1       1       1       1
       0.000000000       0.000000000       0.096435101       0.999666721    31050.284525463  99  45589   AzEl         1       1       1       1
       0.000000000       0.000000000       0.153504701       0.986460035    31050.284560185  99  45589   AzEl         1       1       1       1
       0.000000000       0.000000000       0.207355877       0.972018264    31050.284594907  99  45589   AzEl         1       1       1       1
       0.000000000       0.000000000       0.257971951       0.956532270    31050.284629630  99  45589   AzEl         1       1       1       1
       0.000000000       0.000000000       0.305403789       0.940184902    31050.284664352  99  45589   AzEl         1       1       1       1
       0.000000000       0.000000000       0.349752809       0.923147367    31050.284699074  99  45589   AzEl         1       1       1       1
       0.000000000       0.000000000       0.391155719       0.905576935    31050.284733796  99  45589   AzEl         1       1       1       1
       0.000000000       0.000000000       0.429771676       0.887615740    31050.284768519  99  45589   AzEl         1       1       1       1
       0.000000000       0.000000000       0.465772024       0.869390428    31050.284803241  99  45589   AzEl         1       1       1       1
       0.000000000       0.000000000       0.499332473       0.851012426    31050.284837963  99  45589   AzEl         1       1       1       1
       0.000000000       0.000000000       0.530627395       0.832578642    31050.284872685  99  45589   AzEl         1       1       1       1
       0.000000000       0.000000000       0.559825870       0.814172423    31050.284907407  99  45589   AzEl         1       1       1       1
       0.000000000       0.000000000       0.587089094       0.795864679    31050.284942130  99  45589   AzEl         1       1       1       1
       0.000000000       0.000000000       0.612568838       0.777715061    31050.284976852  99  45589   AzEl         1       1       1       1
       0.000000000       0.000000000       0.636406668       0.759773145    31050.285011574  99  45589   AzEl         1       1       1       1
       0.000000000       0.000000000       0.658733710       0.742079577    31050.285046296  99  45589   AzEl         1       1       1       1
       0.000000000       0.000000000       0.679670784       0.724667152    31050.285081019  99  45589   AzEl         1       1       1       1
       0.000000000       0.000000000       0.699328791       0.707561820    31050.285115741  99  45589   AzEl         1       1       1       1
       0.000000000       0.000000000       0.717809241       0.690783592    31050.285150463  99  45589   AzEl         1       1       1       1
       0.000000000       0.000000000       0.735204872       0.674347374    31050.285185185  99  45589   AzEl         1       1       1       1
       0.000000000       0.000000000       0.751600298       0.658263693    31050.285219907  99  45589   AzEl         1       1       1       1
       0.000000000       0.000000000       0.767072665       0.642539363    31050.285254630  99  45589   AzEl         1       1       1       1
       0.000000000       0.000000000       0.781692285       0.627178052    31050.285289352  99  45589   AzEl         1       1       1       1
       0.000000000       0.000000000       0.795523248       0.612180792    31050.285324074  99  45589   AzEl         1       1       1       1
       0.000000000       0.000000000       0.808623984       0.597546422    31050.285358796  99  45589   AzEl         1       1       1       1
       0.000000000       0.000000000       0.821047791       0.583271963    31050.285393519  99  45589   AzEl         1       1       1       1
       0.000000000       0.000000000       0.832843321       0.569352956    31050.285428241  99  45589   AzEl         1       1       1       1
       0.000000000       0.000000000       0.844055016       0.555783742    31050.285462963  99  45589   AzEl         1       1       1       1
       0.000000000       0.000000000       0.854723513       0.542557706    31050.285497685  99  45589   AzEl         1       1       1       1
       0.000000000       0.000000000       0.864886006       0.529667487    31050.285532407  99  45589   AzEl         1       1       1       1
       0.000000000       0.000000000       0.874576571       0.517105152    31050.285567130  99  45589   AzEl         1       1       1       1
       0.000000000       0.000000000       0.883826464       0.504862350    31050.285601852  99  45589   AzEl         1       1       1       1
       0.000000000       0.000000000       0.892664388       0.492930433    31050.285636574  99  45589   AzEl         1       1       1       1
       0.000000000       0.000000000       0.901116728       0.481300567    31050.285671296  99  45589   AzEl         1       1       1       1
       0.000000000       0.000000000       0.909207770       0.469963815    31050.285706019  99  45589   AzEl         1       1       1       1
       0.000000000       0.000000000       0.916959892       0.458911215    31050.285740741  99  45589   AzEl         1       1       1       1
       0.000000000       0.000000000       0.924393740       0.448133840    31050.285775463  99  45589   AzEl         1       1       1       1
       0.000000000       0.000000000       0.931528381       0.437622845    31050.285810185  99  45589   AzEl         1       1       1       1
       0.000000000       0.000000000       0.938381450       0.427369506    31050.285844907  99  45589   AzEl         1       1       1       1
       0.000000000       0.000000000       0.944969271       0.417365257    31050.285879630  99  45589   AzEl         1       1       1       1
       0.000000000       0.000000000       0.951306973       0.407601711    31050.285914352  99  45589   AzEl         1       1       1       1
       0.000000000       0.000000000       0.957408594       0.398070681    31050.285949074  99  45589   AzEl         1       1       1       1
       0.000000000       0.000000000       0.963287174       0.388764191    31050.285983796  99  45589   AzEl         1       1       1       1
       0.000000000       0.000000000       0.968954840       0.379674494    31050.286018519  99  45589   AzEl         1       1       1       1
       0.000000000       0.000000000       0.974422879       0.370794073    31050.286053241  99  45589   AzEl         1       1       1       1
       0.000000000       0.000000000       0.979701809       0.362115645    31050.286087963  99  45589   AzEl         1       1       1       1
       0.000000000       0.000000000       0.984801444       0.353632167    31050.286122685  99  45589   AzEl         1       1       1       1
