       0.000000000       0.000000000       4.630108038       0.352127914    31050.282476852  99  45589   AzEl         1       1       1       1
       0.000000000       0.000000000       4.635188270       0.360611381    31050.282511574  99  45589   AzEl         1       1       1       1
       0.000000000       0.000000000       4.640447551       0.369289786    31050.282546296  99  45589   AzEl         1       1       1       1
       0.000000000       0.000000000       4.645895659       0.378170178    31050.282581019  99  45589   AzEl         1       1       1       1
       0.000000000       0.000000000       4.651543077       0.387259842    31050.282615741  99  45589   AzEl         1       1       1       1
       0.000000000       0.000000000       4.657401054       0.396566302    31050.282650463  99  45589   AzEl         1       1       1       1
       0.000000000       0.000000000       4.663481674       0.406097314    31050.282685185  99  45589   AzEl         1       1       1       1
       0.000000000       0.000000000       4.669797930       0.415860859    31050.282719907  99  45589   AzEl         1       1       1       1
       0.000000000       0.000000000       4.676363811       0.425865132    31050.282754630  99  45589   AzEl         1       1       1       1
       0.000000000       0.000000000       4.683194389       0.436118533    31050.282789352  99  45589   AzEl         1       1       1       1
       0.000000000       0.000000000       4.690305930       0.446629639    31050.282824074  99  45589   AzEl         1       1       1       1
       0.000000000       0.000000000       4.697716000       0.457407187    31050.282858796  99  45589   AzEl         1       1       1       1
       0.000000000       0.000000000       4.705443594       0.468460039    31050.282893519  99  45589   AzEl         1       1       1       1
       0.000000000       0.000000000       4.713509278       0.479797140    31050.282928241  99  45589   AzEl         1       1       1       1
       0.000000000       0.000000000       4.721935343       0.491427475    31050.282962963  99  45589   AzEl         1       1       1       1
       0.000000000       0.000000000       4.730745977       0.503360002    31050.282997685  99  45589   AzEl         1       1       1       1
       0.000000000       0.000000000       4.739967459       0.515603586    31050.283032407  99  45589   AzEl         1       1       1       1
       0.000000000       0.000000000       4.749628374       0.528166907    31050.283067130  99  45589   AzEl         1       1       1       1
       0.000000000       0.000000000       4.759759847       0.541058354    31050.283101852  99  45589   AzEl         1       1       1       1
       0.000000000       0.000000000       4.770395812       0.554285903    31050.283136574  99  45589   AzEl         1       1       1       1
       0.000000000       0.000000000       4.781573304       0.567856965    31050.283171296  99  45589   AzEl         1       1       1       1
       0.000000000       0.000000000       4.793332785       0.581778213    31050.283206019  99  45589   AzEl         1       1       1       1
       0.000000000       0.000000000       4.805718504       0.596055372    31050.283240741  99  45589   AzEl         1       1       1       1
       0.000000000       0.000000000       4.818778898       0.610692979    31050.283275463  99  45589   AzEl         1       1       1       1
       0.000000000       0.000000000       4.832567029       0.625694098    31050.283310185  99  45589   AzEl         1       1       1       1
       0.000000000       0.000000000       4.847141066       0.641059994    31050.283344907  99  45589   AzEl         1       1       1       1
       0.000000000       0.000000000       4.862564811       0.656789752    31050.283379630  99  45589   AzEl         1       1       1       1
       0.000000000       0.000000000       4.878908262       0.672879836    31050.283414352  99  45589   AzEl         1       1       1       1
       0.000000000       0.000000000       4.896248217       0.689323588    31050.283449074  99  45589   AzEl         1       1       1       1
       0.000000000       0.000000000       4.914668915       0.706110656    31050.283483796  99  45589   AzEl         1       1       1       1
       0.000000000       0.000000000       4.934262681       0.723226337    31050.283518519  99  45589   AzEl         1       1       1       1
       0.000000000       0.000000000       4.955130587       0.740650852    31050.283553241  99  45589   AzEl         1       1       1       1
       0.000000000       0.000000000       4.977383063       0.758358514    31050.283587963  99  45589   AzEl         1       1       1       1
       0.000000000       0.000000000       5.001140439       0.776316828    31050.283622685  99  45589   AzEl         1       1       1       1
       0.000000000       0.000000000       5.026533334       0.794485488    31050.283657407  99  45589   AzEl         1       1       1       1
       0.000000000       0.000000000       5.053702809       0.812815300    31050.283692130  99  45589   AzEl         1       1       1       1
       0.000000000       0.000000000       5.082800150       0.831247043    31050.283726852  99  45589   AzEl         1       1       1       1
       0.000000000       0.000000000       5.113986125       0.849710284    31050.283761574  99  45589   AzEl         1       1       1       1
       0.000000000       0.000000000       5.147429480       0.868122197    31050.283796296  99  45589   AzEl         1       1       1       1
       0.000000000       0.000000000       5.183304407       0.886386444    31050.283831019  99  45589   AzEl         1       1       1       1
       0.000000000       0.000000000       5.221786666       0.904392202    31050.283865741  99  45589   AzEl         1       1       1       1
       0.000000000       0.000000000       5.263047972       0.922013453    31050.283900463  99  45589   AzEl         1       1       1       1
       0.000000000       0.000000000       5.307248288       0.939108698    31050.283935185  99  45589   AzEl         1       1       1       1
       0.000000000       0.000000000       5.354525684       0.955521269    31050.283969907  99  45589   AzEl         1       1       1       1
       0.000000000       0.000000000       5.404983623       0.971080500    31050.284004630  99  45589   AzEl         1       1       1       1
       0.000000000       0.000000000       5.458675803       0.985603957    31050.284039352  99  45589   AzEl         1       1       1       1
       0.000000000       0.000000000       5.515589225       0.998901014    31050.284074074  99  45589   AzEl         1       1       1       1
       0.000000000       0.000000000       5.575626807       1.010777903    31050.284108796  99  45589   AzEl         1       1       1       1
       0.000000000       0.000000000       5.638591660       1.021044312    31050.284143519  99  45589   AzEl         1       1       1       1
       0.000000000       0.000000000       5.704175844       1.029521327    31050.284178241  99  45589   AzEl         1       1       1       1
       0.000000000       0.000000000       5.771956754       1.036050300    31050.284212963  99  45589   AzEl         1       1       1       1
       0.000000000       0.000000000       5.841403880       1.040501851    31050.284247685  99  45589   AzEl         1       1       1       1
       0.000000000       0.000000000       5.911897433       1.042784049    31050.284282407  99  45589   AzEl         1       1       1       1
       0.000000000       0.000000000       5.982758178       1.042848677    31050.284317130  99  45589   AzEl         1       1       1       1
       0.000000000       0.000000000       6.053285394       1.040694678    31050.284351852  99  45589   AzEl         1       1       1       1
       0.000000000       0.000000000       6.122797900       1.036368232    31050.284386574  99  45589   AzEl         1       1       1       1
       0.000000000       0.000000000       6.190672295       1.029959450    31050.284421296  99  45589   AzEl         1       1       1       1
       0.000000000       0.000000000       6.256373263       1.021596220    31050.284456019  99  45589   AzEl         1       1       1       1
       0.000000000       0.000000000       0.036287468       1.011436083    31050.284490741  99  45589   AzEl         1       1       1       1
       0.000000000       0.000000000       0.096472095       0.999657243    31050.284525463  99  45589   AzEl         1       1       1       1
       0.000000000       0.000000000       0.153539826       0.986449675    31050.284560185  99  45589   AzEl         1       1       1       1
       0.000000000       0.000000000       0.207389125       0.972007127    31050.284594907  99  45589   AzEl         1       1       1       1
       0.000000000       0.000000000       0.258003352       0.956520456    31050.284629630  99  45589   AzEl         1       1       1       1
       0.000000000       0.000000000       0.305433404       0.940172505    31050.284664352  99  45589   AzEl         1       1       1       1
       0.000000000       0.000000000       0.349780718       0.923134474    31050.284699074  99  45589   AzEl         1       1       1       1
       0.000000000       0.000000000       0.391182016       0.905563627    31050.284733796  99  45589   AzEl         1       1       1       1
       0.000000000       0.000000000       0.429796463       0.887602089    31050.284768519  99  45589   AzEl         1       1       1       1
       0.000000000       0.000000000       0.465795403       0.869376497    31050.284803241  99  45589   AzEl         1       1       1       1
       0.000000000       0.000000000       0.499354545       0.850998274    31050.284837963  99  45589   AzEl         1       1       1       1
       0.000000000       0.000000000       0.530648260       0.832564318    31050.284872685  99  45589   AzEl         1       1       1       1
       0.000000000       0.000000000       0.559845620       0.814157972    31050.284907407  99  45589   AzEl         1       1       1       1
       0.000000000       0.000000000       0.587107817       0.795850140    31050.284942130  99  45589   AzEl         1       1       1       1
       0.000000000       0.000000000       0.612586615       0.777700468    31050.284976852  99  45589   AzEl         1       1       1       1
       0.000000000       0.000000000       0.636423575       0.759758526    31050.285011574  99  45589   AzEl         1       1       1       1
       0.000000000       0.000000000       0.658749815       0.742064956    31050.285046296  99  45589   AzEl         1       1       1       1
       0.000000000       0.000000000       0.679686150       0.724652552    31050.285081019  99  45589   AzEl         1       1       1       1
       0.000000000       0.000000000       0.699343476       0.707547258    31050.285115741  99  45589   AzEl         1       1       1       1
       0.000000000       0.000000000       0.717823298       0.690769085    31050.285150463  99  45589   AzEl         1       1       1       1
       0.000000000       0.000000000       0.735218348       0.674332933    31050.285185185  99  45589   AzEl         1       1       1       1
       0.000000000       0.000000000       0.751613236       0.658249330    31050.285219907  99  45589   AzEl         1       1       1       1
       0.000000000       0.000000000       0.767085104       0.642525086    31050.285254630  99  45589   AzEl         1       1       1       1
       0.000000000       0.000000000       0.781704263       0.627163869    31050.285289352  99  45589   AzEl         1       1       1       1
       0.000000000       0.000000000       0.795534796       0.612166710    31050.285324074  99  45589   AzEl         1       1       1       1
       0.000000000       0.000000000       0.808635131       0.597532444    31050.285358796  99  45589   AzEl         1       1       1       1
       0.000000000       0.000000000       0.821058565       0.583258094    31050.285393519  99  45589   AzEl         1       1       1       1
       0.000000000       0.000000000       0.832853746       0.569339198    31050.285428241  99  45589   AzEl         1       1       1       1
       0.000000000       0.000000000       0.844065115       0.555770096    31050.285462963  99  45589   AzEl         1       1       1       1
       0.000000000       0.000000000       0.854733307       0.542544175    31050.285497685  99  45589   AzEl         1       1       1       1
       0.000000000       0.000000000       0.864895513       0.529654070    31050.285532407  99  45589   AzEl         1       1       1       1
       0.000000000       0.000000000       0.874585809       0.517091851    31050.285567130  99  45589   AzEl         1       1       1       1
       0.000000000       0.000000000       0.883835449       0.504849164    31050.285601852  99  45589   AzEl         1       1       1       1
       0.000000000       0.000000000       0.892673135       0.492917361    31050.285636574  99  45589   AzEl         1       1       1       1
       0.000000000       0.000000000       0.901125250       0.481287608    31050.285671296  99  45589   AzEl         1       1       1       1
       0.000000000       0.000000000       0.909216079       0.469950968    31050.285706019  99  45589   AzEl         1       1       1       1
       0.000000000       0.000000000       0.916968000       0.458898479    31050.285740741  99  45589   AzEl         1       1       1       1
       0.000000000       0.000000000       0.924401657       0.448121213    31050.285775463  99  45589   AzEl         1       1       1       1
       0.000000000       0.000000000       0.931536118       0.437610324    31050.285810185  99  45589   AzEl         1       1       1       1
       0.000000000       0.000000000       0.938389015       0.427357091    31050.285844907  99  45589   AzEl         1       1       1       1
       0.000000000       0.000000000       0.944976673       0.417352945    31050.285879630  99  45589   AzEl         1       1       1       1
       0.000000000       0.000000000       0.951314219       0.407589500    31050.285914352  99  45589   AzEl         1       1       1       1
       0.000000000       0.000000000       0.957415693       0.398058568    31050.285949074  99  45589   AzEl         1       1       1       1
       0.000000000       0.000000000       0.963294132       0.388752175    31050.285983796  99  45589   AzEl         1       1       1       1
       0.000000000       0.000000000       0.968961663       0.379662572    31050.286018519  99  45589   AzEl         1       1       1       1
       0.000000000       0.000000000       0.974429574       0.370782243    31050.286053241  99  45589   AzEl         1       1       1       1
       0.000000000       0.000000000       0.979708382       0.362103904    31050.286087963  99  45589   AzEl         1       1       1       1
       0.000000000       0.000000000       0.984807899       0.353620514    31050.286122685  99  45589   AzEl         1       1       1       1
