       0.000000000       0.000000000       4.630106881       0.352128729    31050.282476852  99  45589   AzEl         1       1       1       1
       0.000000000       0.000000000       4.635187110       0.360612217    31050.282511574  99  45589   AzEl         1       1       1       1
       0.000000000       0.000000000       4.640446387       0.369290645    31050.282546296  99  45589   AzEl         1       1       1       1
       0.000000000       0.000000000       4.645894491       0.378171060    31050.282581019  99  45589   AzEl         1       1       1       1
       0.000000000       0.000000000       4.651541906       0.387260749    31050.282615741  99  45589   AzEl         1       1       1       1
       0.000000000       0.000000000       4.657399880       0.396567234    31050.282650463  99  45589   AzEl         1       1       1       1
       0.000000000       0.000000000       4.663480498       0.406098272    31050.282685185  99  45589   AzEl         1       1       1       1
       0.000000000       0.000000000       4.669796752       0.415861845    31050.282719907  99  45589   AzEl         1       1       1       1
       0.000000000       0.000000000       4.676362631       0.425866147    31050.282754630  99  45589   AzEl         1       1       1       1
       0.000000000       0.000000000       4.683193208       0.436119578    31050.282789352  99  45589   AzEl         1       1       1       1
       0.000000000       0.000000000       4.690304749       0.446630716    31050.282824074  99  45589   AzEl         1       1       1       1
       0.000000000       0.000000000       4.697714818       0.457408297    31050.282858796  99  45589   AzEl         1       1       1       1
       0.000000000       0.000000000       4.705442414       0.468461183    31050.282893519  99  45589   AzEl         1       1       1       1
       0.000000000       0.000000000       4.713508100       0.479798320    31050.282928241  99  45589   AzEl         1       1       1       1
       0.000000000       0.000000000       4.721934168       0.491428692    31050.282962963  99  45589   AzEl         1       1       1       1
       0.000000000       0.000000000       4.730744806       0.503361259    31050.282997685  99  45589   AzEl         1       1       1       1
       0.000000000       0.000000000       4.739966294       0.515604884    31050.283032407  99  45589   AzEl         1       1       1       1
       0.000000000       0.000000000       4.749627216       0.528168247    31050.283067130  99  45589   AzEl         1       1       1       1
       0.000000000       0.000000000       4.759758698       0.541059738    31050.283101852  99  45589   AzEl         1       1       1       1
       0.000000000       0.000000000       4.770394674       0.554287333    31050.283136574  99  45589   AzEl         1       1       1       1
       0.000000000       0.000000000       4.781572180       0.567858444    31050.283171296  99  45589   AzEl         1       1       1       1
       0.000000000       0.000000000       4.793331676       0.581779742    31050.283206019  99  45589   AzEl         1       1       1       1
       0.000000000       0.000000000       4.805717414       0.596056953    31050.283240741  99  45589   AzEl         1       1       1       1
       0.000000000       0.000000000       4.818777829       0.610694613    31050.283275463  99  45589   AzEl         1       1       1       1
       0.000000000       0.000000000       4.832565986       0.625695789    31050.283310185  99  45589   AzEl         1       1       1       1
       0.000000000       0.000000000       4.847140053       0.641061743    31050.283344907  99  45589   AzEl         1       1       1       1
       0.000000000       0.000000000       4.862563833       0.656791561    31050.283379630  99  45589   AzEl         1       1       1       1
       0.000000000       0.000000000       4.878907324       0.672881706    31050.283414352  99  45589   AzEl         1       1       1       1
       0.000000000       0.000000000       4.896247326       0.689325522    31050.283449074  99  45589   AzEl         1       1       1       1
       0.000000000       0.000000000       4.914668077       0.706112654    31050.283483796  99  45589   AzEl         1       1       1       1
       0.000000000       0.000000000       4.934261906       0.723228402    31050.283518519  99  45589   AzEl         1       1       1       1
       0.000000000       0.000000000       4.955129883       0.740652983    31050.283553241  99  45589   AzEl         1       1       1       1
       0.000000000       0.000000000       4.977382442       0.758360713    31050.283587963  99  45589   AzEl         1       1       1       1
       0.000000000       0.000000000       5.001139913       0.776319095    31050.283622685  99  45589   AzEl         1       1       1       1
       0.000000000       0.000000000       5.026532916       0.794487821    31050.283657407  99  45589   AzEl         1       1       1       1
       0.000000000       0.000000000       5.053702514       0.812817700    31050.283692130  99  45589   AzEl         1       1       1       1
       0.000000000       0.000000000       5.082799997       0.831249507    31050.283726852  99  45589   AzEl         1       1       1       1
       0.000000000       0.000000000       5.113986133       0.849712809    31050.283761574  99  45589   AzEl         1       1       1       1
       0.000000000       0.000000000       5.147429671       0.868124779    31050.283796296  99  45589   AzEl         1       1       1       1
       0.000000000       0.000000000       5.183304806       0.886389077    31050.283831019  99  45589   AzEl         1       1       1       1
       0.000000000       0.000000000       5.221787299       0.904394879    31050.283865741  99  45589   AzEl         1       1       1       1
       0.000000000       0.000000000       5.263048868       0.922016166    31050.283900463  99  45589   AzEl         1       1       1       1
       0.000000000       0.000000000       5.307249476       0.939111435    31050.283935185  99  45589   AzEl         1       1       1       1
       0.000000000       0.000000000       5.354527196       0.955524020    31050.283969907  99  45589   AzEl         1       1       1       1
       0.000000000       0.000000000       5.404985489       0.971083247    31050.284004630  99  45589   AzEl         1       1       1       1
       0.000000000       0.000000000       5.458678053       0.985606685    31050.284039352  99  45589   AzEl         1       1       1       1
       0.000000000       0.000000000       5.515591884       0.998903704    31050.284074074  99  45589   AzEl         1       1       1       1
       0.000000000       0.000000000       5.575629894       1.010780534    31050.284108796  99  45589   AzEl         1       1       1       1
       0.000000000       0.000000000       5.638595184       1.021046861    31050.284143519  99  45589   AzEl         1       1       1       1
       0.000000000       0.000000000       5.704179806       1.029523773    31050.284178241  99  45589   AzEl         1       1       1       1
       0.000000000       0.000000000       5.771961140       1.036052620    31050.284212963  99  45589   AzEl         1       1       1       1
       0.000000000       0.000000000       5.841408664       1.040504024    31050.284247685  99  45589   AzEl         1       1       1       1
       0.000000000       0.000000000       5.911902575       1.042786056    31050.284282407  99  45589   AzEl         1       1       1       1
       0.000000000       0.000000000       5.982763625       1.042850502    31050.284317130  99  45589   AzEl         1       1       1       1
       0.000000000       0.000000000       6.053291085       1.040696309    31050.284351852  99  45589   AzEl         1       1       1       1
       0.000000000       0.000000000       6.122803768       1.036369661    31050.284386574  99  45589   AzEl         1       1       1       1
       0.000000000       0.000000000       6.190678271       1.029960675    31050.284421296  99  45589   AzEl         1       1       1       1
       0.000000000       0.000000000       6.256379283       1.021597242    31050.284456019  99  45589   AzEl         1       1       1       1
       0.000000000       0.000000000       0.036293472       1.011436907    31050.284490741  99  45589   AzEl         1       1       1       1
       0.000000000       0.000000000       0.096478030       0.999657877    31050.284525463  99  45589   AzEl         1       1       1       1
       0.000000000       0.000000000       0.153545649       0.986450131    31050.284560185  99  45589   AzEl         1       1       1       1
       0.000000000       0.000000000       0.207394802       0.972007416    31050.284594907  99  45589   AzEl         1       1       1       1
       0.000000000       0.000000000       0.258008858       0.956520593    31050.284629630  99  45589   AzEl         1       1       1       1
       0.000000000       0.000000000       0.305438721       0.940172504    31050.284664352  99  45589   AzEl         1       1       1       1
       0.000000000       0.000000000       0.349785835       0.923134349    31050.284699074  99  45589   AzEl         1       1       1       1
       0.000000000       0.000000000       0.391186928       0.905563391    31050.284733796  99  45589   AzEl         1       1       1       1
       0.000000000       0.000000000       0.429801167       0.887601755    31050.284768519  99  45589   AzEl         1       1       1       1
       0.000000000       0.000000000       0.465799902       0.869376079    31050.284803241  99  45589   AzEl         1       1       1       1
       0.000000000       0.000000000       0.499358843       0.850997783    31050.284837963  99  45589   AzEl         1       1       1       1
       0.000000000       0.000000000       0.530652363       0.832563764    31050.284872685  99  45589   AzEl         1       1       1       1
       0.000000000       0.000000000       0.559849536       0.814157365    31050.284907407  99  45589   AzEl         1       1       1       1
       0.000000000       0.000000000       0.587111553       0.795849489    31050.284942130  99  45589   AzEl         1       1       1       1
       0.000000000       0.000000000       0.612590180       0.777699779    31050.284976852  99  45589   AzEl         1       1       1       1
       0.000000000       0.000000000       0.636426977       0.759757808    31050.285011574  99  45589   AzEl         1       1       1       1
       0.000000000       0.000000000       0.658753063       0.742064214    31050.285046296  99  45589   AzEl         1       1       1       1
       0.000000000       0.000000000       0.679689252       0.724651791    31050.285081019  99  45589   AzEl         1       1       1       1
       0.000000000       0.000000000       0.699346439       0.707546483    31050.285115741  99  45589   AzEl         1       1       1       1
       0.000000000       0.000000000       0.717826130       0.690768300    31050.285150463  99  45589   AzEl         1       1       1       1
       0.000000000       0.000000000       0.735221057       0.674332142    31050.285185185  99  45589   AzEl         1       1       1       1
       0.000000000       0.000000000       0.751615829       0.658248536    31050.285219907  99  45589   AzEl         1       1       1       1
       0.000000000       0.000000000       0.767087587       0.642524292    31050.285254630  99  45589   AzEl         1       1       1       1
       0.000000000       0.000000000       0.781706641       0.627163076    31050.285289352  99  45589   AzEl         1       1       1       1
       0.000000000       0.000000000       0.795537075       0.612165921    31050.285324074  99  45589   AzEl         1       1       1       1
       0.000000000       0.000000000       0.808637318       0.597531660    31050.285358796  99  45589   AzEl         1       1       1       1
       0.000000000       0.000000000       0.821060664       0.583257316    31050.285393519  99  45589   AzEl         1       1       1       1
       0.000000000       0.000000000       0.832855762       0.569338428    31050.285428241  99  45589   AzEl         1       1       1       1
       0.000000000       0.000000000       0.844067052       0.555769335    31050.285462963  99  45589   AzEl         1       1       1       1
       0.000000000       0.000000000       0.854735169       0.542543423    31050.285497685  99  45589   AzEl         1       1       1       1
       0.000000000       0.000000000       0.864897304       0.529653329    31050.285532407  99  45589   AzEl         1       1       1       1
       0.000000000       0.000000000       0.874587532       0.517091120    31050.285567130  99  45589   AzEl         1       1       1       1
       0.000000000       0.000000000       0.883837109       0.504848443    31050.285601852  99  45589   AzEl         1       1       1       1
       0.000000000       0.000000000       0.892674733       0.492916652    31050.285636574  99  45589   AzEl         1       1       1       1
       0.000000000       0.000000000       0.901126790       0.481286909    31050.285671296  99  45589   AzEl         1       1       1       1
       0.000000000       0.000000000       0.909217564       0.469950281    31050.285706019  99  45589   AzEl         1       1       1       1
       0.000000000       0.000000000       0.916969433       0.458897803    31050.285740741  99  45589   AzEl         1       1       1       1
       0.000000000       0.000000000       0.924403039       0.448120549    31050.285775463  99  45589   AzEl         1       1       1       1
       0.000000000       0.000000000       0.931537453       0.437609671    31050.285810185  99  45589   AzEl         1       1       1       1
       0.000000000       0.000000000       0.938390304       0.427356449    31050.285844907  99  45589   AzEl         1       1       1       1
       0.000000000       0.000000000       0.944977918       0.417352315    31050.285879630  99  45589   AzEl         1       1       1       1
       0.000000000       0.000000000       0.951315423       0.407588881    31050.285914352  99  45589   AzEl         1       1       1       1
       0.000000000       0.000000000       0.957416856       0.398057959    31050.285949074  99  45589   AzEl         1       1       1       1
       0.000000000       0.000000000       0.963295257       0.388751577    31050.285983796  99  45589   AzEl         1       1       1       1
       0.000000000       0.000000000       0.968962752       0.379661985    31050.286018519  99  45589   AzEl         1       1       1       1
       0.000000000       0.000000000       0.974430627       0.370781666    31050.286053241  99  45589   AzEl         1       1       1       1
       0.000000000       0.000000000       0.979709401       0.362103338    31050.286087963  99  45589   AzEl         1       1       1       1
       0.000000000       0.000000000       0.984808885       0.353619957    31050.286122685  99  45589   AzEl         1       1       1       1
