# abs offset [arcsec]
2.452144369333110774e+02
2.470399361592830019e+02
2.473260852994644665e+02
2.481334184573209143e+02
2.490401043047748715e+02
2.488633492178381061e+02
2.493645921041711802e+02
2.493502871601816935e+02
2.509779665697533630e+02
2.498076354027876675e+02
2.512026733017138724e+02
2.519567033833036760e+02
2.517646057267725155e+02
2.514832198243783239e+02
2.520614760525996587e+02
2.529654333242864652e+02
2.527854724188850923e+02
2.538472810886511297e+02
2.542164186851116199e+02
2.548740203212252595e+02
2.557991405917514101e+02
2.570938827250213876e+02
2.569807747104335931e+02
2.564925262123554148e+02
2.569315259834380072e+02
2.584680167239308730e+02
2.580817451805502856e+02
2.582868432636734042e+02
2.575405581673704773e+02
2.578152458512826115e+02
2.590494964597590979e+02
2.584116364329960334e+02
2.587883802284802641e+02
2.583871536187406264e+02
2.589228823549569256e+02
2.582118727526476505e+02
2.590252951338400180e+02
2.594659109191188691e+02
2.598966513721983915e+02
2.592597159793177752e+02
2.590566625682423023e+02
2.594036778880353609e+02
2.599987774579685720e+02
2.595171020072923511e+02
2.600457724989567510e+02
2.589017852468148817e+02
2.589702005829173572e+02
2.579265062902607610e+02
2.585745538933676357e+02
2.580222142110375216e+02
2.579229300593558492e+02
2.581308175353009915e+02
2.568635560498823907e+02
2.567865136833444808e+02
2.570865990384428983e+02
2.563633543123575578e+02
2.573808665691111059e+02
2.572218679821719434e+02
2.549424398063714250e+02
2.537175906893825470e+02
2.537970759763477702e+02
2.620725216525319752e+02
