# abs offset [arcsec]
1.286106554247566010e+02
1.335833700039802352e+02
1.341591262319269049e+02
1.319117202750280455e+02
1.309051374818747888e+02
1.297920335567784491e+02
1.283804753292542671e+02
1.284344813114964836e+02
1.280171538638300888e+02
1.269522636028485323e+02
1.254917089832644166e+02
1.253685297318903764e+02
1.245066564034464136e+02
1.235948239013237497e+02
1.233441068146038901e+02
1.226189131341469789e+02
1.224622033760448403e+02
1.212573021729146348e+02
1.219869388230701759e+02
1.199548915272580132e+02
1.195694701465904757e+02
1.192476433332600720e+02
1.182594490910765899e+02
1.177140808752824768e+02
1.154514254652059861e+02
1.156330742059724344e+02
1.156446546944599874e+02
1.130140053694106541e+02
1.126555104053675933e+02
1.125235390109074132e+02
1.118140524530535345e+02
1.101750389561802450e+02
1.096030438678393466e+02
1.092582972683215132e+02
1.086966257943022498e+02
1.075764680548265062e+02
1.062325534630676742e+02
1.067456934515376474e+02
1.058122808440712959e+02
1.050473528909236620e+02
1.035796704785732913e+02
1.023746059191532538e+02
1.023149635926297663e+02
1.017291932188978620e+02
1.011097578937623211e+02
1.001837748319448025e+02
9.817206790600990018e+01
9.817254519266309387e+01
9.803612283898365831e+01
9.698532400027239930e+01
9.577675374366364736e+01
9.515618655614174770e+01
9.435823816435042488e+01
9.410529948693877600e+01
9.200906587351843768e+01
9.347931288185012022e+01
9.132338983124434151e+01
9.181572563013224908e+01
9.073417422726130610e+01
9.053119272907667892e+01
8.864487769362179392e+01
8.773907216166891487e+01
8.789120083542810846e+01
8.654297610523525464e+01
8.499719554327803905e+01
8.416766410008047217e+01
8.343895950387340577e+01
8.236357889471281624e+01
8.184795664690631156e+01
8.182764056472345260e+01
8.038201734442917257e+01
8.050033256852827890e+01
7.971052920374026485e+01
7.845861516253513912e+01
7.815232928293906411e+01
7.770812781807605063e+01
7.686087996807607681e+01
7.603745954497125581e+01
7.499419898942345242e+01
7.468881875388316871e+01
7.340077408548944504e+01
7.321294669009789402e+01
7.223774258394327319e+01
7.144820708462971481e+01
7.015594186837031998e+01
7.055536853771319272e+01
6.938558673250267361e+01
6.873472663507820357e+01
6.784157175915962057e+01
6.600218397135864734e+01
6.590367330598198237e+01
6.521479378543087080e+01
6.477542786006516451e+01
6.443346679579738634e+01
6.419272201929912569e+01
6.309244320954513796e+01
6.215009241699979725e+01
6.218307272086192938e+01
6.152931566217891657e+01
6.119583172573455698e+01
6.116526154160728623e+01
5.948989642589298654e+01
5.880405939871911158e+01
5.803270094168075843e+01
5.781308628443726860e+01
5.689443031098470271e+01
5.649736434306485222e+01
5.588913518479326115e+01
5.589092140393847785e+01
5.383442222123348131e+01
5.335404673066674519e+01
5.285896809893991133e+01
