abs offset [arcsec]
7.763663489933465200e+01
7.759044818659477016e+01
7.757668127187052676e+01
7.738407600722949553e+01
7.749713475203762414e+01
7.697194035833798864e+01
7.814095745544666727e+01
7.746609589148749819e+01
7.836120764855523646e+01
7.805413063961518105e+01
7.767956078269814668e+01
7.899185996827478107e+01
7.835954217846547465e+01
7.862140528682049023e+01
7.847856221099505092e+01
7.906774402872447638e+01
7.848360593188708378e+01
7.938507852456307035e+01
7.920889749715192352e+01
7.940826559737061530e+01
7.984309564096321310e+01
7.991456376121200833e+01
7.928018490255932704e+01
7.881715760406441973e+01
8.034390214621468829e+01
8.090506466746509773e+01
8.036676126291339983e+01
8.086265404009591862e+01
8.104174589007207885e+01
8.118216653716322639e+01
8.107350938673334895e+01
8.097525129157031643e+01
8.082763482017693946e+01
8.125264971206830467e+01
8.071212835015960252e+01
8.100846584903551673e+01
8.102627045595269806e+01
8.102437938931053907e+01
8.132166363596991232e+01
8.170579928630819211e+01
8.228088284781607342e+01
8.169385209025034555e+01
8.153094081171300900e+01
8.197550527880450488e+01
8.164526606760301775e+01
8.161440246186742797e+01
8.206141355968530604e+01
8.209803995905731711e+01
8.247764450916004364e+01
8.250840169479887720e+01
8.346273635895381915e+01
8.411617060656395495e+01
8.399544305938745481e+01
8.438873003655400851e+01
8.460059527995517215e+01
8.487164478296006109e+01
8.439603156333281220e+01
8.500921066706332851e+01
8.555620634868432717e+01
8.587964525858929221e+01
8.572903236569636931e+01
8.545000307440810161e+01
8.643302288261230615e+01
8.650453590639175161e+01
8.724520765080623619e+01
8.693662825511023584e+01
8.729346747309031684e+01
8.707649536937231005e+01
8.813277113756565484e+01
8.775791274361031924e+01
8.855108355410067134e+01
8.868670453544508803e+01
8.869134691674742044e+01
8.864601602654315116e+01
8.872115580866729090e+01
8.863604425859796265e+01
8.888800763130231530e+01
8.978936555271432951e+01
9.012817303166450245e+01
9.000646461307403001e+01
8.990763705704308961e+01
9.032856591010221337e+01
9.039165345524794759e+01
9.059066851581221158e+01
9.107448022297035095e+01
9.137795999232460531e+01
9.188105844821943435e+01
9.180153205508227643e+01
9.207385669491338831e+01
9.212097083990065016e+01
9.226573334739950383e+01
9.248088702021048846e+01
9.325446063977649658e+01
9.334784268284764153e+01
9.349102436040519137e+01
9.340979632582900649e+01
9.370475391584305669e+01
9.426373476250992667e+01
9.333798174363226963e+01
9.404336574141899519e+01
9.489987219764837789e+01
9.450095303643129796e+01
9.448282394719056754e+01
9.487254092268133832e+01
9.487052094136488734e+01
9.518556967518708234e+01
9.550551391582821736e+01
9.550442637422325731e+01
9.597260589304467260e+01
9.593311690607843900e+01
9.566403963853922221e+01
9.644459766700735770e+01
9.633149782301090625e+01
9.631918758727231022e+01
9.677067009548993326e+01
9.682149809215260916e+01
9.735408188200314328e+01
9.767942052604166747e+01
9.687564433372781991e+01
9.703354832812269137e+01
9.743162368272773222e+01
9.798864529059149220e+01
9.824851307430796510e+01
9.818214921198455158e+01
9.868401423682901452e+01
9.873921354011423546e+01
9.873428851555787844e+01
9.915362787086073126e+01
9.948645532805267067e+01
9.945544249219589972e+01
9.999652901382972914e+01
9.985670625619262353e+01
9.973656379374122594e+01
9.981352222127532059e+01
1.002379012553801374e+02
1.004900857911637786e+02
1.004686592875290501e+02
1.009974621467258800e+02
1.013412630803869234e+02
1.018693668539369952e+02
1.017604699970585358e+02
1.021248338061765821e+02
1.018008233486238936e+02
1.023054761571645486e+02
1.030431494414051343e+02
1.028262039779033472e+02
1.036128346061945962e+02
1.045722876739717293e+02
1.042786828226845870e+02
1.042412800314301506e+02
1.045648549078981659e+02
1.055411845643694022e+02
1.050006303792331153e+02
1.044530505892510206e+02
1.050341192766621674e+02
1.050700419149819709e+02
1.051360414647985806e+02
1.054920739931092442e+02
1.053262073669671679e+02
1.059591418593784482e+02
1.059090003425018693e+02
1.080705985109198224e+02
1.078638859698249206e+02
1.073605185733191973e+02
1.081777397189452756e+02
1.079998933160203336e+02
1.079206737695050009e+02
1.083828005957337268e+02
1.080076016319293615e+02
1.081801935234144167e+02
1.099963560170254055e+02
1.124430311903551427e+02
